H01: P2041
H02: Mining: Production and sales
H03: FMP20000
H04: Physical volume of mining production
H05: Total, gold included
H06:  
H16: Actual indices
H17: Index
H18: 2019=100
H23: RELEASE: 2002 12
H24: START: 1980 01
H25: Monthly
105.2
105.6
105.1
105.8
108.7
107.9
111.6
108
110.4
109.9
106.2
101.5
104.5
102.7
107.1
107.1
106.7
108.7
109.5
109.3
109.9
109.6
107.4
100.1
101.4
102.4
104.5
105.1
106
109.3
108.2
109.3
107.9
105.8
105.8
99.4
101.6
103.7
105.6
105.2
106.7
108.9
106.6
108.8
109.7
110.3
109.2
103.8
107.4
105.3
111.8
109.1
109.9
110.6
111.1
113.3
110.4
110.5
113.4
109.7
110.5
110.5
112.1
107.6
108.4
111.4
112.1
114.5
112.8
115.3
111.2
106.9
105.3
106.3
107
108
107
113.3
109.5
110.4
111.2
108.7
108.4
101.3
101.8
102.6
109.3
104.6
100.2
107.6
107.4
96.5
102.6
105.2
106.5
101.5
102.6
103
106.4
106.3
107.1
106.7
107.6
109.7
110.8
107.3
109
105.4
103.7
103.7
106.6
104
104.5
106.4
106.6
111.3
109.4
110.4
106
99.9
102.4
105.1
104.5
102.9
102.6
107.6
106.5
109
107.3
107.2
106.9
99.7
99.5
102.8
103.9
104.5
108.3
104.4
106.3
109.3
102.9
107.1
102.3
98.8
99
103.6
104
102.9
103.9
106.4
105.7
107.8
108.2
106.4
107.6
100.1
101.5
107.4
107.3
106
106.1
108.8
109.5
110.3
109
108.8
110.4
106.9
105
107.2
106.3
105
100.6
106.8
105.2
109.9
109.1
105.3
109.8
103.3
100.1
104.5
106.4
100.9
101.3
110.6
105.4
110
110.1
104.1
105.4
104.4
101
103.4
104.3
98.2
102.7
106.1
103.8
104.8
104
103.9
105.6
104.1
98.4
104
102.7
101.8
107.2
111.1
105.9
108.5
108.1
105.9
109.9
103.7
100
102.4
104.7
100.7
101.2
109.8
102.7
105
105.1
110.3
107.8
104.1
93.4
99.9
105.7
97
105.4
104.6
103.4
99.3
105.3
105.1
108
101.8
94.7
100.2
100.9
95.8
96.6
107.8
97.7
102.9
105.8
100.9
106.4
101
95.9
97.7
103.2
99.8
104.5
109.4
94.4
116.2
99.3
106
103.6
98.1
89.8
95
100
102.8
103.8
105
99.9
108.2
109.1
107.6
108.5
108
H01: P2041
H02: Mining: Production and sales
H03: FMP20001
H04: Physical volume of mining production
H05: Total, gold excluded
H06:  
H16: Actual indices
H17: Index
H18: 2019=100
H23: RELEASE: 2002 12
H24: START: 1980 01
H25: Monthly
53.2
52.4
54.8
56.4
56.5
58.1
58.1
57.4
60.6
59.4
56.5
55.2
57
54.1
58.8
58.6
60.1
59
61.5
60.1
62.5
60.1
59.5
56.2
54.9
55.1
56.4
56.9
57.5
58
56.8
57.4
56.5
52.9
53.7
50.7
50.8
51
53.4
52.2
53.7
56.5
55.7
55.8
58.2
59.8
57.3
55.2
59.5
56.9
59.2
58.7
59.7
60.6
61.2
62.2
60.8
61.8
64.2
58.7
60.8
60.8
62.5
60.7
62.2
63.7
63.9
65.9
64.8
66.4
63.5
61.5
60.7
60.6
60.7
63.2
61.7
66.3
63.3
65.2
67.6
63.9
63.1
59.2
59.9
60.1
62.6
61
58.5
63.2
64.3
59.6
63.5
64.3
64
60.3
61.3
60.8
63.5
62.9
63.6
64.3
63.7
67.7
67.2
64.2
65.2
62.1
62.4
61.9
63.9
63.5
63.5
65.5
64.8
67.7
69.5
65
63.1
60.8
61.1
64.7
62.3
63.3
62
65.1
64.7
67
64.7
64.2
63.4
58.8
60.7
62.2
60.1
63.7
66.4
64.2
64.1
66.4
62.1
64.1
60.4
58.1
58.4
61.2
60.5
60.8
62.7
63.3
63.5
65.9
65.5
62.6
64
57.9
59.8
63.2
63.1
63
63.5
67.2
67.6
68.1
66.4
65.7
67.9
64.2
65.3
67.8
64.8
65.8
63.5
67.3
66.8
70.3
68.3
66.4
70.6
64.9
66.6
68.6
70
67.5
70.1
76.4
70.8
74.6
75.1
68.6
70.9
69.9
69.6
68.6
70.8
67.5
70.7
74.3
73.3
72.3
73.6
71.8
72.2
70.5
70.6
73.1
69.1
72
75.8
80.9
76
76.2
74.1
74.7
75.1
71
70.9
73.4
76.2
74
74.7
79.9
74.7
75.4
74.9
83.2
78.5
72.3
68
72.2
74
68.8
78.9
75.7
77.8
73
75.6
78.6
80.9
73
70.8
72.4
73.5
70.6
72.6
80.8
73.3
76.4
78.9
75.6
80.7
75.7
73.8
74.1
78.5
76.7
81.8
84.5
70.3
93.5
74.9
82.7
80.2
73.4
67.3
72
75.8
79.1
80.4
80.6
76.9
83.5
83.7
84.1
85.1
83.6
H01: P2041
H02: Mining: Production and sales
H03: FMP21000
H04: Physical volume of mining production
H05: Coal
H06:  
H16: Actual indices
H17: Index
H18: 2019=100
H23: RELEASE: 2002 12
H24: START: 1980 01
H25: Monthly
43.6
43.3
43.7
43
45.3
47.3
47.2
48.1
50.7
49.3
47.2
47.3
47.9
47.4
51.7
51.2
53.3
54.9
55.6
53.1
55.2
54.5
52
51
51.7
54.6
57.8
55.8
58.1
60.4
58.9
58.8
59.4
55
54.6
54.8
53.2
54.3
57.2
52.3
54.6
60.6
58.6
59
61.1
58.1
57.1
58.3
60.8
58.6
63.4
61.8
63.8
66.3
65.6
68
67.4
62.7
66.4
64.8
66.2
65.1
70.7
65.8
68.6
73.2
71.5
73.2
73.1
72.7
69.1
70.4
68.4
71.3
70.2
70.2
67.5
75.9
69.3
70.2
74.8
68.7
68.9
68.5
66.9
68.2
73.7
67.9
65.6
72.7
73.9
63
73
74.7
73.2
70.2
72.5
70.5
75
71.3
71.7
74
70.6
77
75.5
70.1
70.2
69.4
69.4
68
71.5
69.2
67.8
69.9
73.2
76.7
76.7
69.7
69.1
66.2
66.6
70.8
70.5
70.7
68.1
70.8
69.9
72.2
67.3
66.8
69.9
63.2
67
67.3
65.6
70.2
71.7
74.3
71.7
72.4
73.3
70.7
69.4
63.9
68.7
68.2
68.4
67.1
67.4
69.4
69.2
70.8
71.6
69.7
70.1
62
67.9
71.7
69.6
68.4
71.1
72.8
74
74.3
74
70.5
75.6
68.4
74.2
75.6
76.7
75
73.5
78.3
76.1
80.2
74.4
74.6
80
76.5
75.9
77.4
77.7
74.9
83.2
80.8
79.7
84
85.1
80.8
80.2
82.5
76.1
73.7
69.8
75.2
81.3
86.2
84.5
85.2
89.6
86.2
83.5
76.9
78.8
84.2
71.6
77.3
86.1
95.5
93.3
87.7
89.6
89.4
85
80
85.6
84.5
86.9
82.8
86.7
90.5
90.1
86.7
84.6
95
89.1
79
82.1
87.4
85.6
83.2
86.7
88.8
90.1
83.5
89.1
90.5
92.3
75.9
80.8
82.8
85.9
81.1
85.9
91.9
92.9
92.3
89.1
90.8
91.6
79.4
85.9
85
88.8
83.2
89.8
91.9
89.8
89.8
84.6
90.5
87
68.9
83.2
80.4
79.4
81.8
87.7
85
92.9
89.1
89.1
94
93.2
74.5
H01: P2041
H02: Mining: Production and sales
H03: FMP23010
H04: Physical volume of mining production
H05: Iron ore
H06:  
H16: Actual indices
H17: Index
H18: 2019=100
H23: RELEASE: 2002 12
H24: START: 1980 01
H25: Monthly
38
30.7
36.3
39.2
40.1
44.6
40.4
37.2
31.3
25.6
23.5
22.2
28
32.4
40.1
41.9
45.6
42.6
39.5
31.4
37
33.1
33.7
36.5
40.1
35.7
37.5
38.5
39.5
38.2
33.8
30.9
25
18.5
17.7
17.5
18.7
17.5
17
18.4
18.8
18.5
20.5
18.1
25.1
27
21.5
22.6
33.8
32
36.6
36.7
31.9
28.4
26.7
30
29.4
30
35.4
31.7
30
31.8
33.7
32.2
31.4
32.4
26.4
31.1
31.5
34.4
34.1
32.5
34.6
34.4
34.8
36
28.5
32.7
25.7
26.5
23.4
32
29.6
28.7
28.1
27.3
24.5
24.7
24.5
26.3
26.2
27.6
25.7
29.8
27.2
28.5
27.9
23.5
30.8
29.6
37.1
28.4
26.9
28.8
30.3
37
34.2
36.8
33.9
33
33.9
38.2
39.9
39.4
35.3
33.5
39.3
39.9
35
38
39.7
37.9
31.7
38.7
40.1
41.7
39.8
40.4
38.7
42.7
34.8
32.8
38.3
32.2
33.8
42.7
44.5
40.6
41
39.7
21.3
39.9
34.1
28.1
30.3
37
40.5
41
38
41.1
40.5
39.1
30.3
30.5
32.8
33.2
35.7
33.8
38.6
39
37.1
42.4
36.7
37.8
34.8
37.1
41.8
43.7
40.6
38.5
42.4
46.4
42.2
42.2
38.4
45.9
46.6
48.5
48.7
40.2
44
45.1
43
41.8
45.9
49.8
43.8
44.7
47.4
37.2
45
40.7
40.9
44.5
49.3
46.6
48
48.6
40
38.7
42.1
28.6
39.8
45
44.6
42.9
44.8
43.6
47.8
47.1
45.8
49.2
48.4
45.3
40.1
48.7
46
40.2
47
47.6
46
51.9
41.8
42.7
42.9
50
53.3
40.5
45.3
39.6
37.4
35.2
45.3
38.1
40.2
42.2
37.6
44.9
45.7
37.2
44.9
42.5
43.7
46.4
46.9
48
46.2
40.7
41.4
51.1
53.5
49.6
49.6
44.8
46.2
45.3
50.8
54.6
49.1
51.1
43.3
42
50.9
48.7
53.7
55.9
50.9
47.3
47.6
54.4
50.4
51.5
43.5
52.4
49.8
49.3
H01: P2041
H02: Mining: Production and sales
H03: FMP23020
H04: Physical volume of mining production
H05: Chromium
H06:  
H16: Actual indices
H17: Index
H18: 2019=100
H23: RELEASE: 2002 12
H24: START: 1980 01
H25: Monthly
21.9
22.5
23.1
22.5
22.7
22.5
22.2
21.2
22.8
21.3
19.9
17.9
19
18.2
19.1
18.7
19.9
18.5
20.3
19.3
19.4
18.4
18.3
18.4
15.8
15.7
14.9
13.1
14.5
14.3
14.8
14
13.7
12.9
13
10.8
11.1
11.8
12.5
12.3
14.5
15.5
13.9
16.2
16.9
15.4
15.7
13.2
16.2
16.3
15.8
17.3
18.2
19.1
20.5
21.1
20.7
20.9
22.8
19.2
19.3
19.9
20
20.6
21.1
21
21.8
22.1
22.3
22.4
20.5
19.9
21.3
21.6
20.8
22.9
22.3
22.8
22.9
23.8
25.5
22.8
20.7
17.4
20.6
22.3
22.1
22
22
20.2
21.7
22.2
20.5
20.4
25.2
23
23.2
22.9
23.8
23
23.1
22.8
24.6
27.3
23.6
24.9
25.9
22.8
25
25.4
25.1
26.2
27.1
26.2
29.3
29.5
31.5
31.1
31.6
27.7
27.3
30.7
24.4
25.5
25.2
27.6
26.2
21.3
27.7
28.2
25
24.4
22.5
24
27.7
28.5
29.2
30.8
30.6
48
28.8
28.4
26.2
21.4
18.7
18.9
14.7
12.9
13.4
17.9
20.5
24.4
22.3
24
24.6
15.8
13.9
14.9
15.2
15.3
16.4
15.1
16.7
17.3
16.1
17.6
19.9
14.3
16.2
19.5
19.5
20.1
18.6
18.6
21
23.6
22.5
21.6
21.5
21.3
25
24.3
26.2
28.9
25.7
27.4
33.2
31
32.7
30.2
30.9
29.3
24.6
28.7
30.1
26.2
29
28.2
27.4
27.8
28.5
29.1
30.7
27.9
24.6
30
28.8
29.8
31.6
38.3
33.3
38.3
36.9
37.6
39.8
32.6
32.5
32.7
35.6
32.5
38.7
40.2
40.2
38.3
40.5
39.8
36
32.3
34
34.9
37.9
37.9
41.8
34.8
43.3
43.9
41
40.2
39.6
33.4
32.5
35.4
40.2
34.5
39.4
41
38.6
38.3
39.4
40.4
39.4
33.2
31.9
30.9
29.7
29.7
30.3
35.1
33
30.8
29.1
33.9
31.4
27.7
29.5
29.3
31.6
34.4
36.3
37.5
39.9
37.4
42.4
40.4
39.6
38.1
H01: P2041
H02: Mining: Production and sales
H03: FMP23021
H04: Physical volume of mining production
H05: Copper
H06:  
H16: Actual indices
H17: Index
H18: 2019=100
H23: RELEASE: 2002 12
H24: START: 1980 01
H25: Monthly
414.1
335.5
362.9
350.9
402.2
344.9
407.4
351.7
415
354.5
308.8
373.5
396.8
317.5
356.1
373.2
348.4
356.4
357.7
350.6
366.4
403.4
392.2
368.3
358.7
274.9
148.8
403.4
327.1
393.5
370.7
400.6
374.2
362.3
384.1
317.2
423.4
339.4
370.7
364.8
346.1
431.1
315.9
378
402.8
413.1
384.5
318.8
423.4
331.9
368.3
354.5
360.7
345.2
356.1
365.5
322.9
370.7
330
289.8
433.7
349.6
353.6
367.4
350.6
320.7
355.8
333.9
325.6
373.2
328.7
316.5
353.2
284.3
302.3
340.6
328.1
353.9
359.9
376.1
366.4
374.2
343
223.8
406.6
346.5
329.7
319.7
292.3
308.8
393.2
273.7
377
353.9
342.2
250.5
287.9
225.1
218.6
341.7
282.1
334.9
339
360.7
352
295.8
347.7
277.3
386
314.6
321.9
304.5
354.8
341.4
303.9
358.7
386.4
334.3
309.4
231.5
313.7
326.2
329.4
284.1
318.1
352.6
313.2
347.7
349.3
343.9
336.5
249.3
391.2
250.9
374.8
329.7
373.8
329.4
323.5
343
320
361.5
316.9
312
368
306.6
339.7
346.5
304.5
328.4
299.8
301.4
305.9
317.8
265
189.6
291.4
289.2
282.7
273
351.2
314.8
334.6
303.6
290.1
356.8
328.1
245.7
324.9
348.4
312.9
289.8
306.9
327.5
329.1
317.2
295
265
346.1
265
302.6
298.8
259.9
321
292.3
335.2
355.5
321.9
242.8
356.8
340.6
241.5
334.3
327.1
367.4
276.5
240.6
228.7
270.5
301.4
282.1
271.1
270.2
271.4
184.8
309.1
323.2
293.3
274.3
303.4
228.7
327.5
262.4
311
336.5
278.5
296.3
355.7
361.4
352.7
269.2
238.2
262
315.6
330
342.4
298
316.6
186.7
240.3
234.1
181.5
418.9
182.5
324.9
203.2
319.7
321.8
310.4
346.5
223.8
208.3
262
277.4
210.4
203.2
254.7
266.1
301.1
292.9
365.2
230
300.1
280.5
293.9
320.7
303.2
180.5
139.2
265
329
332.1
233.1
233.1
232
245.5
248.5
244.4
269.2
225.9
267.1
255.8
220.7
230
238.2
251.6
H01: P2041
H02: Mining: Production and sales
H03: FMP23022
H04: Physical volume of mining production
H05: Manganese ore
H06:  
H16: Actual indices
H17: Index
H18: 2019=100
H23: RELEASE: 2002 12
H24: START: 1980 01
H25: Monthly
23.1
26.7
26.5
29.1
26.5
27.1
24.1
24.5
25.8
24.4
20.4
17
30.6
25.4
25.1
17.6
23.6
22.8
23
23.2
25.1
25.6
25.6
24.3
27.4
27.8
26.1
27.9
30.7
25.5
28.2
28.8
27.6
24.9
23.2
20.6
17.7
17.5
10.3
9.4
10.6
12.5
12.2
13.6
16.1
17.2
17.8
16.4
13.8
10.5
14.7
14.9
19.7
14.1
20
19.6
21
15
18
20.8
19.3
19.4
18.6
15.4
17
20.8
20.3
17.5
18.4
18
17.3
17
20.1
19.3
19.9
23.3
22.5
21
20.4
22.1
22.4
20.6
20.6
20
17.5
15.8
17.1
16.4
16.5
18.8
17.8
17.9
16.6
14.5
17.2
17.3
17
19.3
20.1
19.1
18.6
19.9
21
21.6
24.2
22.3
23.6
22.8
25.5
31.9
26.3
26.5
24.7
27.6
26.5
20.2
25.8
27.8
27.3
26.3
26.3
25.6
28.5
24.3
22.4
29.1
23.8
24.9
22.8
24.3
21
22.8
19.7
20
15.6
16.4
17.7
17.7
18
19
17.5
18.2
16.3
14.3
11.5
9
12.8
12.8
16.7
13.5
15.1
14.3
14.7
18.4
13
13.2
14.5
9.2
12.4
14.9
13.4
13.8
13.8
14.2
14.8
14.6
17.1
14.3
14.1
16.6
14.3
15.8
14.3
16.2
16.1
16.2
16.1
16.4
16.7
17.2
17.5
16.7
17.2
18.6
20.8
21
16.8
17.5
16.7
16.6
17.3
17.1
16.1
19.6
18
18.6
16.3
22.4
19.1
18.3
16.4
18
17.3
16.9
17.5
18.6
15.8
15.7
16.2
18
17.5
15.4
19.9
19.3
17.3
17.8
17.1
18.5
17.9
17.1
16.9
16.7
16.9
17.8
17.4
17.2
18.7
16.8
16.6
15.3
17.9
16.2
18.6
16.4
18.3
20.2
19.6
19.1
20.6
19.1
18.8
20.6
23
21.9
22.3
23.6
21.7
20.2
19.9
23.6
23.5
17.9
19.3
21.6
19.7
19
19
21.4
20.1
17.5
18.7
18.1
18.2
17.8
15.5
19.5
18.6
16.7
16.3
21.5
20.7
22.7
20.8
22.2
21.9
20.9
H01: P2041
H02: Mining: Production and sales
H03: FMP23023
H04: Physical volume of mining production
H05: PGMs
H06:  
H16: Actual indices
H17: Index
H18: 2019=100
H23: RELEASE: 2002 12
H24: START: 1980 01
H25: Monthly
40.8
39.9
38.8
43.4
40.2
43.2
43.9
43.7
45.4
46.4
46.2
40
41.6
37.4
36.1
43.9
40.6
44.2
49.2
49
46.6
45.1
43.4
41.8
35.8
35.9
35.4
34.8
34
31.4
28.6
30.6
28.4
28.9
27.8
30.1
27.8
27.7
26.9
30.8
32
31.1
33.8
32.4
36
39
39.8
43
40.4
35.8
37.6
39.5
37.5
40
40.1
37.7
38.4
42.4
46.1
43.4
41
44.8
42
44.1
45.3
46.2
44.8
48.5
46.7
47.7
47
46.7
40.2
35.4
39.3
45.1
44.9
47.9
46.4
49.6
49.6
47.4
47.6
46.2
43.9
45.8
46.6
47.5
46.4
49.4
47.2
50.5
49.1
48.5
49.2
48.8
46.6
47.3
47.5
49.7
47.7
47.8
50.7
51.8
51.5
49.5
51.1
48.8
47.3
49.2
48.8
48.1
48.5
52.1
49.4
50.5
55.1
50.1
47.7
51.7
49.5
53.9
50.5
52.7
49.4
53.6
53.5
55.3
54.5
55.1
55
52.4
51
58.7
50
55.5
59.8
49.2
56.1
56.1
50.8
50.5
47.8
54.3
48
57.3
50.1
54.9
59.7
59.8
56.3
64.1
62.8
52.5
60.6
58.4
59.9
65.9
65.5
67.2
63.4
66.7
68.8
70.1
64.3
63.2
64.9
68.9
64.8
63.1
54.7
62.3
56
57.8
61.3
63.7
66.3
63.5
63.1
61.4
70.6
62.6
70.7
64.4
56.6
86.4
64.5
74.7
77.6
59.3
63.7
68.8
75.5
69.5
77.8
62.3
66.1
72.1
73.4
68.3
67.4
66.1
72.6
73.7
71.8
63.5
70
69.4
77.2
74.4
70.5
73.8
71.3
69.2
72.5
79.9
65.2
69.6
77.8
73.2
75
88.3
65.4
65.8
68.8
81.5
76.5
87.6
69.1
70.7
80.5
66.7
85.5
85.8
83.9
78.7
77.5
87.3
86.1
97.5
64.2
78.1
79
72.5
73.5
90.1
70.1
76.9
86.4
68.5
77.8
88.6
74.4
73.5
83.9
82.1
87
94.4
65.1
100.3
80.9
93.8
91.3
97.5
69.1
73.2
86.4
88.6
93.2
89.5
74.1
97.2
99
94.4
97.8
110.8
H01: P2041
H02: Mining: Production and sales
H03: FMP23029
H04: Physical volume of mining production
H05: Nickel
H06:  
H16: Actual indices
H17: Index
H18: 2019=100
H23: RELEASE: 2002 12
H24: START: 1980 01
H25: Monthly
62.5
61.2
59.6
64.2
67.6
66.8
67
67.8
70.8
68.7
69.1
58.4
63.1
54
52.8
64.7
61.4
70.4
75.2
73.4
70.9
65.9
65.2
63
53.6
55.3
53.5
50.6
54.6
51.1
45.8
49.3
43
45.6
47.2
43
40.8
43.3
40.7
44.9
48.1
45.4
48.5
48.4
51.9
57.3
58.4
59.1
56.6
55.6
57.6
55.8
57
58
61.4
62.5
58.3
63.1
69.4
63.2
57.4
63.5
61.2
61.7
81.1
78.4
65.9
66.8
70.6
71.3
67.7
66.9
57.8
51
59.9
64.6
67.8
72.5
69.5
73.7
72
67.6
72
65.9
63.6
62.1
63.5
66.9
65.3
72.4
66.2
73.9
69.9
67.3
67.8
68.3
64.6
66.1
66.5
69.4
68.9
67.2
72.5
69.1
68.6
64.7
65.9
63.2
60.4
58.9
63.5
63.1
63.5
70.7
65.3
66.2
70.9
66.2
62.1
63.1
61.8
68.1
61.7
63.9
64.9
64.2
63.4
66
66
66
64.4
67.7
59.2
65.7
59.2
62.2
64.4
65.7
64
65.1
60.5
59.5
53.7
62.6
57.4
64.3
58.8
63.8
64.2
66.5
62.5
70
68.9
59.5
64.3
62.5
48.3
65.3
66.9
66.1
64.6
67.8
72.1
76.4
73.4
73
72.6
77.9
67.4
69.1
64.2
72.4
66.1
67.4
70.6
77.2
73.4
69.6
68.1
66.5
67.8
62.5
68.1
60.6
73.6
72.6
74.1
77.1
66.4
59.2
67.3
73.7
75.1
76.7
75.1
71.5
82.3
91.3
86.2
79
61.6
73.9
69.6
92.6
84.4
67
75
74.5
76.4
75.8
78.2
78.8
81.4
78.5
83.6
78.6
72.4
75.2
79.9
75.8
76.6
95.1
82.6
98.7
87
114.2
72.1
82.9
72.4
77.5
96.8
80.2
89.6
105.1
72.4
89.3
91.9
62.7
89.3
72.1
87.2
73.8
75.8
74.1
89.3
96.8
80.9
76.8
88.3
93.6
89.6
84.9
69.1
71.1
86.2
86.2
97
85.3
86.2
80.9
85.9
78.5
85.9
94
75.5
73.8
78.9
80.6
84.2
99.8
97
102.1
96.4
93.4
89.3
93.4
H01: P2041
H02: Mining: Production and sales
H03: FMP23999
H04: Physical volume of mining production
H05: Other metallic minerals
H06:  
H16: Actual indices
H17: Index
H18: 2019=100
H23: RELEASE: 2002 12
H24: START: 1980 01
H25: Monthly
157.5
163.9
176.7
187
176.6
186.8
175.6
184.9
183.4
191.6
187.6
192.1
182.4
174.2
194.2
184.4
184.2
180.1
175
190.4
185.9
171.6
180.4
172.2
170.3
169
171.3
167.9
174.5
174.9
177.1
182
178.2
173.7
175.8
149.5
157
170.7
183.9
171.8
176.7
174.2
173.8
183.2
179
184.9
180.9
170.4
188.7
176.1
166.7
163.7
175.6
183.6
173.4
171.3
172.7
173.7
179
155.2
166.6
157.4
158.5
148.7
144.4
137.5
157.2
164.3
154.6
163
159
147.7
157.2
158.2
146.6
145.3
145.5
145.2
152.3
162.3
140.2
151.9
143.3
139.4
143.3
134.3
134.4
145.6
133
132.3
142.5
127.2
110
131.9
139.1
130.1
128.8
128.5
130.7
134.3
141.6
135.9
129
124.3
125.8
131.7
127.4
130.6
110.9
107.7
115.1
111.4
106.6
108.3
110.9
124
106.2
110
109.3
105.1
105.5
104.3
97.3
95.7
96.8
90.2
103.2
100.3
100.3
93.3
88
100.1
101.1
87.6
100.6
90.4
94.9
97
90.7
91.5
87.9
93
104
104.2
93.1
76.5
79.9
84.7
87.2
82.1
91.9
98.4
93.5
100.6
95.7
90.7
94.5
92.5
103.1
98
102.4
106.4
104.3
110
103.1
99.9
102.8
100.6
107.7
100.2
97.8
103.5
106.7
103.4
106.1
108.4
102.7
89.2
97.2
109.6
101.3
93.5
114.1
112.6
109.5
105.8
114.6
104.6
105.2
104.3
105.1
118.2
112.6
105.6
120.6
118.1
123.2
114.4
119.1
116.9
121.4
114.1
103.1
105.1
113.8
103.7
87.4
102.7
109.2
107.1
110.4
106.2
98.1
102.4
108.5
96
117.1
104.5
103.9
114.9
118
121.9
136
129.4
126.8
131.6
143.9
82.9
106.6
101.7
95.2
80.2
100.5
105.7
102.2
99.1
112.3
102.2
103.1
105.7
106.6
106.2
114.1
109.6
116.2
115.3
107.4
109.2
107.4
113.6
98.3
104.4
97.8
100
104.4
104.8
111.4
105.7
107
112.7
101.7
107
111.9
120.6
112.7
111
117.5
111.9
118.4
111.9
104.8
99.1
100.9
102.6
108.8
111
H01: P2041
H02: Mining: Production and sales
H03: FMP24000
H04: Physical volume of mining production
H05: Gold
H06:  
H16: Actual indices
H17: Index
H18: 2019=100
H23: RELEASE: 2002 12
H24: START: 1980 01
H25: Monthly
643.9
651.3
632.9
632.4
654.7
639.8
673.7
644.4
647.3
650.2
632.4
599
615.1
614.5
628.9
630.6
617.4
641.6
634
639.2
632.4
642.7
627.7
580.6
600.1
607.1
619
621.4
626
651.9
649.7
655.3
648.4
651.3
647.3
605.3
624.8
642.1
646.1
649
654.2
657.1
642.1
660
654.7
650.8
654.7
620.3
627.1
623.2
668.6
646.1
649
650.8
650.8
666.3
647.9
643.2
655.3
651.3
651.9
653.1
654.2
622.6
617.4
638.1
642.7
651.9
643.2
656.5
638.1
609.3
599
609.3
616.8
605.9
609.3
636.3
620.8
614.5
604.2
608.7
611.1
568.5
569
574.8
624.3
588
564.5
603
592.7
517.3
547.8
570.1
585.1
562.2
566.2
575.4
586.9
591.4
594.3
585.1
600.1
587.4
605.3
592.7
599.5
590.3
568.5
573.7
587.4
563.8
568.5
571.9
578.8
604.8
571.4
617.4
587.4
542
567.9
561.6
579.3
550.6
559.8
587.4
577.7
582.2
588
591.4
596.6
560.9
536.2
560.4
595.6
565.1
580.6
558.7
582.2
592.1
562.7
592.7
574.8
557
556.4
581.7
593.2
577.7
567.4
591.4
581.7
581.1
589.8
599.5
600.1
575.4
570.8
604.8
606.4
589.8
586.3
578.8
584
586.9
588
593.2
590.3
588
554.1
553.5
573.7
547.8
519.6
554.6
541.4
558.2
569.6
546.7
553.5
538
479.4
509.8
519
481
459.7
503.5
500
513.8
510.9
505.7
498.3
497.1
461.5
498.3
486.2
451.6
469.5
474.7
457.4
477.6
456.8
473.6
487.9
487.3
424.7
462
485
447.6
472.9
467.8
454.5
482.1
497.1
467.8
509.2
478.7
437.5
441.4
439.9
416.2
414.5
460.5
432.7
452.3
457.2
435.9
452.3
470.3
391.6
424.4
471.9
426.1
422.8
444.1
411.4
411.4
453.9
422.8
431
437.5
376.9
440.8
434.3
399.8
381.8
429.4
388.4
422.8
427.7
403.1
409.7
403.1
350.7
375.2
393.2
365.5
362.2
394.9
381.8
360.5
386.8
370.3
371.9
391.6
357.2
367
383.5
378.5
371.9
388.4
367
393.2
404.8
375.2
371.9
388.4
H01: P2041
H02: Mining: Production and sales
H03: FMP27000
H04: Physical volume of mining production
H05: Diamonds
H06:  
H16: Actual indices
H17: Index
H18: 2019=100
H23: RELEASE: 2002 12
H24: START: 1980 01
H25: Monthly
129.6
128.4
154.1
140.1
135.9
135.1
153.6
135.1
180.6
177.1
163.5
168.6
150.7
153.8
179.1
152.6
174.4
119.3
149.5
150.8
188.9
155.9
165.1
138.9
126.7
126.4
160
134.4
132.2
135.1
147.2
161.5
174.7
142.7
167.3
148.6
154.7
142.9
169.2
176.7
166.5
160.9
178.6
149.3
155.4
190.6
150.2
128.7
154.4
167.8
148.7
154.1
151
140.4
167.5
169
146.4
185.6
168.7
156.7
160.1
160.6
156.1
157.7
148.7
142.2
170.9
171.6
158.9
179.4
166.5
142.4
158
155.3
140.5
148.6
156
156.5
171.6
167.9
166.9
163.2
166.3
147
151.1
135.7
141.6
141.5
126.6
144.7
154.8
156.5
166.1
163.8
134.5
127.9
138.2
144.5
127.4
124
129
124.7
129.7
145.8
151.4
138.2
149.3
145.8
133.8
125.7
129.4
150
153.1
154.7
128.8
163
169.5
158.4
144.3
139.1
132.2
132.8
122.7
138.8
138.9
131.5
150.6
169.7
165.1
145.9
138.2
138.1
125
143.5
140.9
145.9
145.3
149.9
121.3
141.9
148.1
169.7
138.5
122.6
127.4
141.2
147.7
135.2
165.5
155.6
180.4
166.5
178.7
177.1
189
174.7
133.1
139.3
132.9
121.6
121.4
167.8
155
148.4
167.5
169.3
160.9
157
140.4
192.1
167.9
137.2
143.4
170.8
167.9
165.9
156.4
151.4
163.1
127.9
102.3
156.4
157.1
145.2
145.3
156.2
138.6
151.7
151.1
133.3
148.3
142.2
130.5
145.8
155
151
141.9
145.5
145.9
141.5
151.7
169.7
150.1
140.7
119.3
136.8
152.5
156.2
148.1
169.2
156.8
153.1
148.4
149
183.4
135.1
133
159.7
130.2
139.1
137.8
138.5
140.9
182.7
192.4
166.1
170.4
156.9
120.1
160.6
146.4
151.4
148.3
137.3
145.3
143.5
122.6
140.4
178.3
110.9
203.4
155.6
126.3
142.8
131.2
141.5
145.9
142.2
156.3
171.6
175.2
144
180.2
172.2
174.1
178.9
191.2
194.8
159.3
211.5
144.6
153.8
135.4
85.2
95.6
155
163.6
142.2
144
174.1
174.1
155
163.1
171
166.1
147.7
H01: P2041
H02: Mining: Production and sales
H03: FMP28888
H04: Physical volume of mining production
H05: Building materials
H06:  
H16: Actual indices
H17: Index
H18: 2019=100
H23: RELEASE: 2002 12
H24: START: 1980 01
H25: Monthly
43.5
58
60.3
63.5
62.2
70.8
62.7
61.6
68.6
67.1
60.3
50.5
59.5
58.2
66.2
63.1
67.2
66.7
66.1
67.6
62.6
70.8
65.8
50.4
55.7
65.6
67.3
62.1
64.7
66.7
65.8
60.5
64.4
61
63.4
45.1
45.7
59.9
63.7
56.3
61.6
61.5
64.5
69
67.1
68.3
72.7
51.6
51.4
64.9
69.3
60.6
69.6
71.2
72.5
75
69.4
70.6
68.4
46.9
50.7
57.8
60.5
65
65.2
61.7
64.5
65.8
64.5
66.2
60
44.6
46.5
61.3
61.2
60.5
61.4
64
62.4
62.9
68.6
63.2
61.8
44.1
47.7
58
63.5
62.6
61.6
69.3
69.8
71.4
73.1
66.5
70
51
53.7
66
75.3
66.3
73.5
81.3
74.2
88.2
83.3
78.4
82.3
53.4
68.2
65.6
75.3
78.2
78.3
81
77.1
77.7
73.5
72.5
74.1
56.1
58
73.4
67.7
67.9
70.6
72.5
74.2
74.2
69.4
73.1
68.8
52.7
56
65.7
62.4
67.5
66.9
67.2
67.4
70.8
66.5
69.1
65.4
52.2
54.8
65.9
68.7
61.1
57.9
57.4
61.2
58.1
59.6
60.6
55.4
49.5
43.9
50.7
54.9
52.9
53.1
57.6
55.6
58.6
59
55.7
56.3
42.8
46.9
54.7
59.7
50.5
59.9
64.7
54.1
63.5
68.4
57.6
80.3
51.9
50.9
73.1
64.9
58.2
71.5
69.3
71.4
69.2
74.7
68.4
73.2
53.7
57.7
58
61.9
58.8
62.8
66.7
64.7
62.1
64.5
64.7
66.1
68.3
94.4
100.2
82.3
97.4
73.9
93.8
63.3
66.7
48.5
57
52.7
48.8
48.5
61.7
67.4
77.5
79.3
86.3
82.1
73.9
74.5
81.5
78.7
56.1
60.5
66.2
73.3
75
76
81.5
77.8
72.7
79.3
75.6
77.2
62.6
60.5
59.2
69.3
67.4
78.1
81.8
72.7
94.3
73
80.6
115.7
62.3
62.3
73
69.9
73
73.3
82.1
73
105.6
77.2
83
71.1
60.1
69
69.6
68.1
70.2
80.6
74.5
81.2
76.3
82.4
80.6
81.2
61.4
H01: P2041
H02: Mining: Production and sales
H03: FMP28999
H04: Physical volume of mining production
H05: Other non-metallic minerals
H06:  
H16: Actual indices
H17: Index
H18: 2019=100
H23: RELEASE: 2002 12
H24: START: 1980 01
H25: Monthly
280.1
288.9
285.3
303.9
314.5
314
300.7
310
315.8
311.1
296.5
286.4
302.6
275.1
286.4
274.8
271.7
275.6
289.5
288.9
297.3
289.3
294.5
259.1
254.3
267.6
262.1
264.8
268.9
269.4
266.8
250.9
239.3
250.3
256.9
241
226.2
244.4
245.8
244.5
263.5
270.5
245.1
262.8
251.7
251.7
252.1
221.5
238.4
230.2
230
225.6
235.2
248.4
226.2
238.1
241.4
236.5
250.5
190.1
219.1
207.9
224.5
220.2
236.3
230.5
235
243.4
245.1
238.6
247
210.8
216.3
217.4
224.7
242.1
239.9
245.5
235
230.5
244.4
244.4
242.7
203.8
202.9
221.5
222.6
224.9
207.9
206.9
189.1
186.1
216.7
197.9
219.3
208.6
209.4
215
232.4
216.1
234.1
223.7
247.9
249.7
252.8
249.2
244.5
224.3
231.6
233.9
255
247.3
246
247.3
259.9
264.6
261.9
256.9
249.2
232.2
238.8
234.1
254.3
255.6
255.6
275.8
264
279
271.7
254.5
261.7
213.8
228.3
245.3
232.4
221.3
231.1
242.3
255.4
264.4
260
256.5
237
201.1
234.1
229.2
240.5
240.1
224.7
212.9
222.4
208.4
223.4
228.7
200
145.4
169.7
185.2
154.2
188.9
185.2
193.3
194.2
204.5
200
212.5
194
151.3
161.6
160.3
173.1
198.3
171.2
175.1
169.3
192
179.6
191.8
192.2
160.1
177.1
190.9
174.4
177.8
190.3
176.2
174.7
194.2
208.1
195.7
187.6
164.6
169.9
168.8
173.4
172.9
199.4
171.6
178
194.2
175.8
176.6
184.1
162
170.6
191.3
184.3
180.6
193.1
173.8
196.6
190.1
171.9
183
190.3
122.9
184.1
181.3
186.7
180
165.1
169.2
167.8
173.2
160.3
164.3
162.3
151.4
167.8
158.3
167.8
156.9
166.4
158.3
161.6
144.6
158.9
169.8
154.2
152.2
162.3
140.6
142
130.4
165.7
184.1
169.8
197
167.8
171.8
191.5
186.8
173.9
184.8
152.8
158.9
157.5
152.2
141.3
163
137.9
158.3
165.7
150.1
161.6
160.3
106.7
165.7
156.9
155.5
152.8
165.7
158.9
148.1
161
150.1
H01: P2041
H02: Mining: Production and sales
H03: FMS20000
H04: Physical volume of mining production
H05: Total, gold included
H06:  
H16: Seasonally adjusted indices
H17: Index
H18: 2019=100
H23: RELEASE: 2002 12
H24: START: 1980 01
H25: Monthly
108.2
108.1
106.2
107
107.2
106.9
109.8
105.9
107.1
107.5
106.5
107.4
106.8
105.7
107.9
107.9
106.6
106.6
107.6
107.2
107.8
106.6
107.2
105.7
104.9
105.3
104.6
104.9
106.1
108.4
105.9
107
105.6
104.4
104.3
104.6
104.8
106.5
105.4
105.7
107.1
107.7
105.9
106
106.6
108.9
108.6
108.2
110.4
108.3
110.7
110.3
110.4
109.3
110.2
110.4
109.2
108.6
111.2
114.8
113.3
113.2
112.4
107.9
109.4
111.5
111.1
111.2
110.8
113.4
109.2
111.4
108
109
108.4
108.1
108.1
113
108.3
108.4
107.9
106.5
107.3
105
104.1
105.3
109.2
106
102.9
106.4
106
94.1
99.9
102.6
104.8
105.1
106.6
105
106.1
107.7
109.4
106.2
107.1
106.4
106.8
105.8
107.5
108.6
107.7
106
107.7
105.3
106.3
104.9
105.8
107.9
105.9
108.8
104.3
104.6
106.3
107
103.5
105.3
104.1
106.6
105.5
105.1
105.3
105.4
104.6
104.2
103.6
104.1
105.8
104.5
109.3
104.4
105.2
104.9
100.6
105.4
100.4
102.9
103.4
104.2
104.2
105.1
105.6
104.6
104.7
104.7
106.1
104.5
106.1
103.3
107
108.1
107.3
107.7
107.5
107.6
108.2
107.3
106.6
108.8
107.6
109.2
110.4
108
106.1
107.9
101.5
104.7
105.5
106.9
106
105.5
107.6
104.3
105.3
105.4
106.2
105.5
101.9
106.9
105.8
107.1
107.8
104.2
102.5
106.1
106.3
103.9
104.8
101.9
103.1
103.5
104
101.4
102.5
103.6
101.8
105.1
104.1
105.7
104.2
105.5
106.9
107.5
106.3
106.9
105.3
105.2
106.9
104.2
105.7
104.6
104.5
105.5
101.8
104.6
103.4
103.5
103.3
108.7
104
104.5
101.1
102.6
105.3
100.5
105.5
100.5
104.2
97.5
102.8
104.7
103.2
101.8
102.7
103
100.2
100.5
95.7
102.4
100.3
100.8
102.7
99.7
102.5
101.8
103.8
101.4
101.9
103.3
103.4
104.7
97.2
113.9
97
104.5
99.1
98.5
97.7
99.1
101.6
103.6
102.4
101.4
102.9
105.3
106.2
105.8
104.9
108.1
H01: P2041
H02: Mining: Production and sales
H03: FMS20001
H04: Physical volume of mining production
H05: Total, gold excluded
H06:  
H16: Seasonally adjusted indices
H17: Index
H18: 2019=100
H23: RELEASE: 2002 12
H24: START: 1980 01
H25: Monthly
55.1
54.7
55.6
57.1
55.7
56.3
57
56.6
57.6
58.3
57.3
57.9
58.7
56.9
59.2
59.2
59.9
56.9
59.8
59.5
60.3
59.2
59.4
59.2
57
57.6
56.6
57.1
57.5
56.5
55.5
56.3
54.6
52.5
53.1
52.7
52.8
53.1
53.7
53
53.5
54.9
54.8
54.4
55.8
59.6
57
57.6
61.6
59.2
59
59.9
60.1
58.7
60.4
60.2
59.8
60.8
62.7
61.7
63
62.9
62.8
61.5
62.4
62.7
63.1
63.5
63.1
65.7
62.4
64.3
62.3
62.8
62.4
63.2
62.2
64.7
62.8
63.1
65.5
62.5
63
61.7
61.7
62.4
62.6
62.2
59.6
61.4
63.2
57.5
61.9
63.2
63.2
63.2
63.7
62.6
63.6
63.8
64.6
63
63.2
64.4
64.4
63.6
65.1
64.8
64.8
63.7
65.3
63.6
64
63.5
64.5
64.4
67.2
64.4
63
64.2
63.3
66.1
62.6
64.3
62.6
63.6
63.6
63.1
63.6
63.6
62.7
62.3
63.3
63.2
62.8
62.8
66.3
63.4
62.8
62.7
60.5
64
60.1
61.4
60.4
62
61.4
61.9
63.4
61.2
61.9
62.9
64.4
62.4
63.6
61.3
62.4
63.5
63.9
63.6
64.4
65.2
66
64.9
65.3
66.1
66.9
67.2
68.2
68.2
65.9
67.4
64.1
64.6
66
67.2
66.5
67
70.2
67.8
69
69.2
70.2
70.4
70.6
72
70.2
72.1
73.9
68.7
69.9
73.2
72.1
69.3
71.7
69.4
70.8
71.2
72.3
70
72.8
71.5
70.5
73.3
73.2
74.4
71.7
73.1
75.8
76.3
75.8
74.9
72.9
73.2
73.8
73.4
74.3
75.1
76.8
77
75.1
74.8
74.1
74.5
74.4
81.2
75.6
74.9
72.2
74.4
74.4
70.4
79.4
71.7
77.9
71.7
74.5
77
77
74.6
75.8
75.2
73.5
73.9
72.1
75.8
74.7
75.2
77.3
73.5
77.2
77.9
78.5
77.4
78.5
79.2
81.5
80.2
71.6
91.1
74.2
80.1
75.9
75.3
71.9
75.6
78.7
79.2
79.2
77.8
78.1
81.4
81.6
81.7
81.5
85
H01: P2041
H02: Mining: Production and sales
H03: FMS21000
H04: Physical volume of mining production
H05: Coal
H06:  
H16: Seasonally adjusted indices
H17: Index
H18: 2019=100
H23: RELEASE: 2002 12
H24: START: 1980 01
H25: Monthly
45.4
45.7
43.2
45.1
44.5
45.3
45.6
48
47.8
48.9
50
49.3
49.6
48.5
50.5
53
53.6
51.9
53.4
52.7
53.3
54.2
54
53.1
54.5
55.9
56.1
56.9
58.5
58
56.8
57.6
56.9
55.9
55.8
56.4
55.9
55.7
55.3
54.3
54.8
57.8
57.9
57.5
57.8
59.2
59.1
59.8
63.1
62.2
60.9
64.3
64.4
63.3
64.5
65.7
66
63.1
67
67.4
68.3
66.6
69.1
67.6
69.3
71.3
70.4
70.5
70.4
73
70.4
72.6
70
73.1
70.6
70.9
68.8
73.3
68.4
68.6
71.3
68.3
71.3
70.5
68.6
69.8
71.6
70
68.1
70
72.7
61.1
70.1
74.7
74.4
72.7
75.6
73.5
72.9
73.3
73.9
71.9
70.5
73.5
71.1
71.2
71.5
72.3
71.6
69.3
71.3
69.8
69.4
67
73.1
73
73.2
70.3
69.7
70.8
68.4
72.1
68.8
72.3
69.2
69.2
69
68.3
65.6
67.2
69.2
68.5
68.6
68.1
67.5
68.9
72.1
73.6
70.5
68.9
70.3
71.3
69.2
69.3
69.7
71.2
68
68.6
68.7
67
67.4
68.7
69.1
69.8
69.5
67.2
70.1
72.3
69
69.5
72.2
71
72.4
71.7
70.8
71.5
74
73.9
76.8
76.2
76.2
78
73.9
75.8
75.3
77.2
70.1
75.3
79.2
82.7
78.3
78
76.9
79.6
83.5
76.9
78.4
81.2
81.2
80.3
79.1
90.4
78.8
75.8
70.2
78.6
81
84
81.8
82.4
85.7
84.5
82.6
83.9
81.6
85.3
74.1
80
86
91.6
89.7
86.2
85.3
86.3
85.1
87.6
89.3
85.8
87
87.7
87.4
86
85.6
85.3
82
91
87.8
87.4
86.8
89.2
85.5
87.2
87.1
85.2
85.3
81.6
86.8
87.3
89.4
84.4
85.3
86.7
85.6
87.1
85.3
86.9
88.9
89.5
87.6
86.6
88.4
90.6
89.9
87.3
88.6
88.3
88.8
88.1
85.3
86.3
84.6
85.8
82.6
79.5
86.9
82.8
82.4
84.2
85.9
82.5
87.9
85.7
88.3
88.8
89.5
85.9
H01: P2041
H02: Mining: Production and sales
H03: FMS23020
H04: Physical volume of mining production
H05: Chromium
H06:  
H16: Seasonally adjusted indices
H17: Index
H18: 2019=100
H23: RELEASE: 2002 12
H24: START: 1980 01
H25: Monthly
23.7
24
23.9
23.4
22.1
22
20.6
20.1
21
20.8
19.6
20
20.5
19.3
19.7
19.4
19.4
18.1
18.9
18.4
17.9
17.9
17.9
20.5
17
16.6
15.4
13.7
14.2
13.9
13.8
13.3
12.8
12.6
12.9
12
11.9
12.3
13.1
12.7
14.2
15.2
13
15.3
15.9
15.1
15.6
14.6
17.3
16.9
16.5
17.7
17.8
18.8
19.3
19.9
19.6
20.4
22.8
21
20.5
20.4
20.9
20.9
20.9
20.8
20.9
20.8
21.4
21.7
20.6
21.7
22.3
22.1
21.6
23.1
22.1
23
22
22.5
24.8
22
20.8
18.7
21.5
22.7
22.7
22.2
22
20.5
21
20.9
19.8
19.5
24.9
24.6
24.2
23.5
24.3
23.3
23.3
23.3
23.9
25.9
22.7
23.6
25.3
24.3
26.4
26.4
25.6
27
27.8
26.4
28.5
27.8
30.1
29.2
30.5
29.3
29.5
32.4
24.9
26.4
25.8
27.8
25.2
19.9
26.4
26.3
23.8
25.7
24.9
25.6
28.6
29.6
30.2
30.9
29.4
44
27.4
26.4
24.8
22.5
21.2
20.1
15.1
13.3
13.8
18.1
19.4
22.2
21.2
22.5
23.5
16.5
16.1
15.6
15.5
15.7
17.1
15.4
15.7
15.6
15.4
16.7
19
14.9
18.9
20.3
19.8
20.5
19.3
19.1
19.8
21.5
21.4
20.8
20.5
22.4
29.3
25.1
26.5
29.7
26.4
27.7
31.4
28.6
30.9
29.1
29.5
31
28.7
29.7
30.4
27.2
29.4
28
25.9
25.9
26.7
27.9
29.3
29.9
28.5
31.3
29.2
31.5
31.4
37.2
31.6
36.1
34.6
35.8
38
35.4
37.4
34.6
36.6
34.8
38
38.3
38.2
36.3
38.2
37.5
34.3
35.5
38.5
37.4
39.3
40.6
40.6
32.8
40.9
42
38.4
37.6
38.1
37.1
36.2
38.2
42.1
36.7
38.6
38.8
36.2
36.8
36.7
37.8
38.1
36.7
35.3
33.5
31.1
31.3
29.7
33.4
30.9
29.8
27.1
31.8
30.3
30.3
32.5
31.8
33.4
35.9
35.9
35.9
37.4
36.2
39.4
37.9
38.3
41.5
H01: P2041
H02: Mining: Production and sales
H03: FMS23029
H04: Physical volume of mining production
H05: Nickel
H06:  
H16: Seasonally adjusted indices
H17: Index
H18: 2019=100
H23: RELEASE: 2002 12
H24: START: 1980 01
H25: Monthly
68.1
65.7
65.9
67.2
65.1
65.5
64
64.6
68.7
66.1
65.3
57.9
68.6
58
58
67.6
59.3
69.1
71.9
70
69.1
63.4
61.7
62.6
58.4
59.2
58.4
52.7
52.8
50.1
43.7
47.2
42.1
43.8
44.9
42.6
44.5
46.2
44.2
46.6
46.8
44.2
46.6
46.2
51.4
55
55.6
58.9
61.8
58.9
62.2
57.5
55.7
55.9
59.5
59.5
57.5
61
66.5
63
62.5
67.6
65.6
63.1
80.1
74.7
64.2
63.2
69.2
69.6
65.2
67
62.6
54.3
64
65.5
67.4
68.3
68.5
69.6
69.9
66.6
70.4
66.2
68.7
65.6
67.6
67.6
65.1
67.8
65.7
69.6
67.3
67
67.2
69
69.5
68.7
70.7
69.9
68.7
63
72.1
65.1
65.7
64.6
66.4
63.6
64.7
60.2
67.6
63.6
63.2
66.9
64.9
62.3
68.1
66.4
63.5
63.2
66.4
68.3
65.7
64.6
64.7
61.2
62.9
61.9
63.2
66.1
66.8
67.2
63.5
65.2
63.2
63
64.3
63.4
63.1
60.9
58.2
60
55.8
61.7
61.3
63.8
62.5
65.1
63.9
64.6
61
64.8
66.6
60.5
66.8
61.2
51.1
65.3
70.6
68.3
64.3
65.9
70
70.4
71.6
75
75.2
76.4
70.2
70.3
67
75.9
65.5
65.1
67.7
71.2
72.1
71.9
70.2
65.5
69.9
64.4
70.6
64.3
72.9
69.2
70.8
71.3
65.3
61.2
69.1
72.9
77.2
80.3
77.2
76.6
81.5
85.3
82.7
73.3
60.5
76.2
71.3
91.4
88
71.1
76.7
80.2
75.6
69
76.2
73.4
79.6
79.9
85.4
77.5
77.2
81.1
81.5
81.5
75.1
84.8
81.2
93.1
84.1
115.4
72.8
81.1
79.7
84.8
98.9
85.8
87.8
92.5
72
84.6
88.4
62.6
89.6
70.2
98.1
82.3
77.7
78.9
86.7
84.9
80.3
73.2
84.5
93.4
89.2
82.2
78.6
80.1
89.1
91.3
93.6
74.9
85.3
77.2
82.3
77.7
85.3
90.8
86.1
83.9
82.2
84.8
80.7
88.4
95.1
97.8
92.3
92.5
88.2
90
H01: P2041
H02: Mining: Production and sales
H03: FMS23999
H04: Physical volume of mining production
H05: Other metallic minerals
H06:  
H16: Seasonally adjusted indices
H17: Index
H18: 2019=100
H23: RELEASE: 2002 12
H24: START: 1980 01
H25: Monthly
156.8
165.9
175.9
187.6
175.8
187.4
174.9
184.1
183.9
190.8
188.2
191.3
181.7
177.7
193.4
185.1
183.3
180.6
174.2
189.6
186.6
170.8
181
171.4
169.5
172.4
170.5
168.5
173.7
175.5
176.3
181.2
178.8
172.9
176.4
148.7
156.2
174.2
183.1
172.4
175.9
174.9
173
182.4
179.7
184.1
181.6
169.6
187.8
178.2
165.9
164.3
174.7
184.2
172.6
170.5
173.3
172.9
179.7
154.4
165.7
160.9
157.7
149.3
143.6
138.2
156.4
163.6
155.2
162.2
159.7
147
156.4
161.7
145.8
145.9
144.7
145.8
151.5
161.5
140.8
151.1
144
138.6
142.5
137.8
133.6
146.2
132.2
132.9
141.7
126.4
110.6
131.1
139.8
129.3
127.9
130.5
129.9
134.9
140.8
136.5
128.2
123.4
126.4
130.9
128.1
129.8
110.1
111.1
114.3
112
105.8
108.9
110.1
123.2
106.9
109.2
110
104.3
104.7
107.7
96.5
96.3
95.9
90.7
102.4
99.5
100.9
92.5
88.6
99.3
100.3
91.1
99.8
91
94.1
97.6
89.9
90.7
88.5
92.2
104.7
103.4
92.3
78.6
79.1
85.3
86.4
82.8
91.1
97.6
94.1
99.8
96.4
90
93.8
96
102.3
98.7
101.6
107
103.5
109.2
103.7
99.1
103.4
99.8
106.9
103.6
97
104.1
105.9
104
105.3
107.6
103.3
88.5
97.7
108.9
100.4
97
113.3
113.3
108.6
106.5
113.8
103.8
105.8
103.6
105.7
117.4
111.8
107.7
119.7
118.7
122.4
114.9
118.3
116.1
122.1
113.4
103.7
104.3
113
107.1
86.6
103.3
108.4
107.7
109.6
105.5
98.7
101.6
109.2
95.2
116.3
108
103.1
115.6
117.2
122.5
135.2
128.6
127.4
130.7
144.5
82.1
105.8
105.2
94.4
80.9
99.6
106.3
101.4
98.3
112.9
101.4
103.7
104.9
105.8
108.2
113.2
110.3
115.4
116
106.6
108.4
108.1
112.8
98.9
103.6
97
103.5
103.6
105.5
110.6
106.3
106.2
111.9
102.4
106.2
112.5
119.8
111.9
114.5
116.8
112.5
117.6
112.5
104
98.3
101.5
101.8
109.4
110.2
H01: P2041
H02: Mining: Production and sales
H03: FMS24000
H04: Physical volume of mining production
H05: Gold
H06:  
H16: Seasonally adjusted indices
H17: Index
H18: 2019=100
H23: RELEASE: 2002 12
H24: START: 1980 01
H25: Monthly
657
655
641.7
637.7
655.4
628.5
661.2
635.8
636.9
639.3
631.3
639.3
628.6
626.7
633.3
634.3
624.6
625.6
627.4
629.7
626
627.1
627.3
612.8
622.2
618.7
625.8
621.5
633.3
642.1
638
640.6
641
644.2
639.5
641.6
648.3
653.4
643.9
656.3
657.7
647.7
638.3
648.3
644.1
644.5
649
648.5
647.9
629.2
664.5
656.8
649.4
644.8
643.8
653.7
643.7
637
641.9
683.6
669.7
665
657
628
623.1
634.2
639.9
635.7
640.5
643.2
628.5
633.7
621.9
622.3
618.6
615.8
609.9
635.8
611
608.4
595.6
600
601
593
585
589.1
621.5
597
572.8
597.2
588.3
513.5
543.4
555.4
576
576.8
588.7
581.4
578.8
603.3
598.9
582.4
598.6
585.1
596.4
584.4
589
603.3
585.9
588.7
583.2
576.3
577.4
565.3
578.5
595.9
569
605.1
575.5
561.6
589.2
574.5
566.9
565.5
562.4
587.7
574.6
578.6
587.5
581.8
581.8
578.8
550.7
570.6
589.2
574.6
590.8
559.5
585.2
582.9
563.2
575.7
565.4
567.5
579.2
578.8
581.9
590.5
580.7
589.2
585.4
578.9
587.6
582.8
593
577.5
597.9
610.6
599.9
599.9
601
581.3
584.4
580.6
580.8
585.5
576.4
589.9
585.2
557.6
560.4
566
529.9
556.7
551.5
554.4
554.8
540.7
542.5
527.9
508.9
513.6
512.8
502.6
474.6
499.7
512.4
501.3
497.9
498.6
483.4
488.9
499.1
487.2
481.8
471.4
483.2
474.8
471.4
463.2
442.4
465.2
474.5
471.4
463
469
480.3
472
482.9
465.2
463.2
474.5
474.6
467.2
496.1
465.1
473
450.2
429.6
437.3
433.3
448.9
448.4
444
437
430.8
442.4
448.9
435.4
434.7
465.4
440
443.3
433.3
422.4
398.6
431.4
426.3
417.6
421.7
421
437.7
425.3
416.6
402.6
411.4
407
406.8
406.3
402.6
402
389.9
393.6
386.6
378.6
381.5
375.3
382.3
395.8
350.2
365.8
373.4
362.3
379.4
392
378.2
376.3
387.7
389.8
376.5
384.2
377.9
385.8
370.6
369.4
372.8
H01: P2041
H02: Mining: Production and sales
H03: FMS27000
H04: Physical volume of mining production
H05: Diamonds
H06:  
H16: Seasonally adjusted indices
H17: Index
H18: 2019=100
H23: RELEASE: 2002 12
H24: START: 1980 01
H25: Monthly
143.2
143.1
140.5
143.9
144.2
145.5
151.3
131.8
163
164.5
155.9
175.8
162.8
168.6
167.4
155.7
182.2
130
146.2
147.2
172.6
142.4
158
146.9
136.8
140.5
151.4
136.6
139.8
146.3
142.2
156.8
161.4
128
160.1
158.4
162.2
155.3
165.1
178.9
173.5
172.2
171.6
142.8
144.7
175.1
143
139.8
159.3
178.9
149.9
156.7
157.6
151
158.6
161.1
138
169.3
161.6
169.3
162.7
169.6
162.2
161.6
154.5
151.8
161.4
162.4
150.2
164
159.5
154.4
160.4
163.5
150
153.7
160.9
164.3
162.8
157.7
156.3
149.2
159.6
157.8
154.6
143.5
153.6
147.5
130.4
150.3
147.7
145.2
152.2
152.6
128.4
136.5
144.3
153.2
140.4
129.6
132
127.9
123.6
134.4
134.9
128.8
144.7
153.7
142.2
134.1
142.1
155.9
154.8
156.4
122.7
152.2
151.7
150.8
139.8
145.5
143.9
140.8
134.1
145.1
140.7
131.8
143.2
160.8
147.9
138.3
133.7
144
139.5
149.9
149.8
154
148.2
148.3
111.9
134.4
132.7
162.7
132.5
128.7
144.7
145.8
153
145
170.3
151.5
170.5
160.2
165.3
170.8
181.9
181.9
152.1
141.9
134.1
132.2
127.5
162.2
145.9
142.9
156.3
164.5
151.8
164.2
160.9
193.8
166.2
146.3
150.5
163.2
160.7
160.9
146.8
147.8
153.9
135.1
122.8
156.9
154.4
151.5
152.6
148.9
133.7
146.1
142.9
130.7
139
149.7
152.1
144.4
153.2
153.8
148.1
139.2
143.2
134.9
145
167.5
141.1
149.5
140.5
132.7
152.9
156.2
152.4
165.5
154.8
146.4
142.9
145.3
173.4
145.6
155
153.1
133.3
137.6
140.7
136.1
138.4
176.4
187.8
159.4
160.6
170.5
142.9
150.1
152.2
150.1
150.8
134.9
141.2
138
118.2
130.7
168.8
127.5
228.2
143
132.6
142.8
133.1
137.7
140.5
137.2
152.1
160.2
166.6
163.1
205.9
158.1
180.4
179.8
193.5
188.9
152.8
207.8
139.8
141.4
127.6
105.4
121.9
141.6
169
143.9
146.3
165.9
167.1
152.2
157.9
158.3
159.2
168.6
H01: P2041
H02: Mining: Production and sales
H03: FMS28888
H04: Physical volume of mining production
H05: Building materials
H06:  
H16: Seasonally adjusted indices
H17: Index
H18: 2019=100
H23: RELEASE: 2002 12
H24: START: 1980 01
H25: Monthly
52.6
57.4
59.1
63.7
60.4
66.9
59.4
60.6
63.7
60.7
59.3
63.4
74.3
57.9
64
63.2
66
62.9
61.6
65.5
57.8
66.7
62.6
64.1
70.5
65.5
62.9
63.8
62.8
62.7
63.3
57.3
59.1
58.1
59.9
57
57.3
60.2
60
59.6
59.3
57.4
62.2
62.7
62.6
64.7
67.7
68.5
64.1
64.3
66.8
63.3
66.1
68.7
68.4
67.5
66.5
64.8
64.1
62.7
62.4
59
58.6
67.8
61.5
59.7
59.1
60.9
59.4
62.1
57.4
59.4
56.4
63.1
61.9
59.2
60.3
59.6
58.5
58.3
62.9
59
60.2
57
60
59.7
60.7
63.5
61.4
63.8
64.8
65.6
66.6
64.7
66.4
66.4
67.8
66.8
71.2
68.9
72.1
73.7
72.3
78
77.4
76.5
77.8
70.4
84
66.8
74.3
77.9
74.9
74.7
74.2
70.2
70
69.6
69.9
73.7
68.9
74.4
66.2
68.8
68.8
68.2
70.7
66.6
67.4
67.5
66.5
67.7
67.1
66.2
64.9
65.2
64.5
64.3
62.3
66.4
62.8
64.3
64.3
66.5
64.6
67.6
66.6
61.6
58.2
53.3
56.5
54.7
55.4
58.1
53.4
61.8
54.1
51.5
51.7
54.7
52.5
52.9
53.4
55
54
54.3
53.6
53
57.4
56.1
57.7
53.5
58.2
58.2
52.3
58.2
63
55.7
75.3
66.6
62.1
75.9
62.6
62.4
66.7
62.3
68.4
64.8
70.1
65.4
67.8
69.5
68.8
60.9
63.7
60.2
58.2
61.2
59.3
60.3
59.8
60.4
63.4
86
113.2
106.2
89.3
92.9
70.8
82.6
59.1
66
45.5
52
51.4
59
60.3
65.7
69.6
76.4
77
75.5
76.3
72.4
69.8
76.6
74.8
68.2
75.5
70.6
73.6
74.8
73.2
71.1
75.6
70.4
74.2
71.4
72.9
74.6
74.3
63.4
69.8
69.5
72.6
73.1
70.8
89.6
70.2
74.7
107.1
77.4
73
77.3
72.8
73.5
69.4
75.5
70.6
98.6
74.9
74.9
66.6
73.8
81.9
73.2
75.1
67.5
76
69.9
76.6
73.5
77
73.9
77.3
74.4
H01: P2041
H02: Mining: Production and sales
H03: FMS28999
H04: Physical volume of mining production
H05: Other non-metallic minerals
H06:  
H16: Seasonally adjusted indices
H17: Index
H18: 2019=100
H23: RELEASE: 2002 12
H24: START: 1980 01
H25: Monthly
298.4
298.1
292.9
307.7
311
306.9
298.1
304.4
305.2
304.3
284
303.8
320.3
284.2
294
279.2
267.8
267.3
288
283
287
282.7
281.9
277
270.8
277
268.5
270.3
264.9
260.5
265.9
244.3
229.6
244
243.9
260
241.1
254.2
251.8
249.9
259.2
261
244.7
256.5
242.3
245.7
238.8
241.8
252.5
240.4
234.9
229.8
230.5
239.1
227.1
232.2
231.7
230.8
237.4
211.2
232.2
218.1
228.5
222.8
231.7
222.3
236.6
238.2
234.6
233.3
234.7
232
228.9
228.2
226.2
243.5
236.6
240.4
235.3
224.8
232.6
239.3
232.4
224.4
215.4
232.7
222.4
225.4
206
204.5
187.1
179.2
203.9
192.8
210.8
229.6
222.7
225.9
231.1
216.5
234.2
223
243.9
240
239.1
244
238.5
246.7
244.6
244.6
253.5
248
248
247.8
253.8
251.9
247.3
250.5
244.6
258.2
251.4
244.1
253.2
256.1
259
277.2
256.6
263.9
256.9
245.7
258.1
243.5
240.9
254.4
232.4
220.7
234.9
243.4
248.4
248.4
246.1
245.2
232.6
234
247.3
235.4
242.5
238.7
227.7
213.3
217.6
192.5
211.1
215.2
195.2
178.7
182.7
189.2
157.1
187.4
186.1
194.3
191.8
189.3
190.2
199
188.3
182.4
174.1
161.9
176.5
197.8
169.2
176.9
168.9
177.7
173.8
179.4
186
186.8
188.4
192.1
177
178.2
185.9
178.9
175.9
180.6
205.9
186.5
180.9
186.1
178.7
169.5
175.3
174.7
193.4
175.3
180
181.7
176.6
169.6
178.5
178.6
175.5
193.5
185.3
183.2
186.7
178.4
198.7
177.9
174.9
178.7
185.4
135.1
185.7
184.3
187.9
183.2
159.2
173.9
170.1
161.1
165.4
161
157.4
160.2
166.9
162
169.9
159.5
162.3
162.4
164.7
132.3
165
167.7
148.6
158.2
160.1
144
145.6
132.8
163.3
187.6
173.9
185
173.8
169.9
185.3
191.2
171
188.2
158.2
160.8
156.6
155.1
146
150.9
143.1
157.4
158
153.6
159.2
162.9
113
167.4
156.8
158.1
158
153.9
163.7
147.3
152
153.9
H01: P2041
H02: Mining: Production and sales
H03: MVK20000
H04: Mineral sales according to mining divisions, mineral groups and minerals
H05: Total, gold included
H06:  
H16: Actual value
H17: R million
H18:  
H23: RELEASE: 2002 12
H24: START: 1980 01
H25: Monthly
1397.3
1531
1309.2
1157.8
947.5
1103.2
1592.4
1316.7
1404.8
1303.2
1312.3
1138.1
1274
1124.3
1125.3
1106.1
1128.7
1140.3
1303.6
1157.2
1254.4
1271
1258.4
1216.4
974.6
1082.9
1205.9
1065.9
1083
1233.4
1323.5
1327.3
1455.7
1551.8
1454.6
1368.7
1436.1
1454.1
1459.5
1367.8
1397
1382.2
1410.2
1474.1
1450
1313.1
1523
1368.4
1610.8
1459.2
1564.7
1458.5
1591.7
1506.9
1823.5
1784.6
1630.4
2117
1953.2
1563.2
2155.3
2104.7
2110.1
2001.2
2049.4
1855.2
2312.1
2181.8
2622.3
2886
2593.7
2388.1
2785.1
2272.7
2006.2
2425.5
2373.8
2461.3
2973.8
2715.3
2743.6
3199.6
3120.7
2137.8
2660.2
2382
2395.1
2612.2
2432.2
2293.9
3196.3
2564.8
2277.5
3008.8
2782.6
2344.3
2914.2
2590.2
2825.2
2793.3
2805.9
2824.9
3424.1
3558.1
3289.6
3314.7
3437.7
2729.7
3616.2
3017.5
2896.5
3492.7
3398.8
3039.4
3809.6
3690.5
3540.9
3807.3
3469.2
3114.9
3663.1
3188.1
3310.3
3550.9
3242.6
3367.5
3403
3886.4
3700.8
3734.6
3428.2
3080.9
3657.7
3200.5
3541.9
3731.8
3687.4
3584.2
3845
4077
3509
4092.7
3540
2860.5
3510.5
3183.9
3705.9
3456.1
3294
3424.5
4030.8
3749.8
3486.8
3765.6
3352.3
3250.9
3748.6
3108.1
3585.3
4529.3
3554.3
3705.1
4422.7
4273.8
4078.4
3948.7
3815.3
4107.9
4428.8
3619.4
4201.9
4001.4
4325.1
4115.8
4669.5
4415.7
4526.6
4343.9
4153.1
3910.4
4669.2
4234.8
4700
4413.4
4704.9
4525.2
4777.7
4667.3
4840
5323
4538.8
3805.3
5165.8
4604.2
5002.8
5380.9
5345.1
4994.8
5795.5
5478
5124.5
6227.7
5117.2
4868.2
6447.8
5159.4
4936.6
5576.8
5309
5445.9
5780.3
5546.2
5568.2
6026.1
5130.8
5386.9
5577.2
5316.4
5547.6
5662.1
5433.1
6017.2
6669.1
6318.5
6066.8
6446
5994.9
6343
6098.8
5763.6
6445.1
5706.5
5702.9
6391.3
5996.1
6852.9
6548.3
6005.9
7573
7346.9
6244.1
7115.7
8958.5
7521.3
8222.7
8222.5
7640.3
8223.4
8568.9
8317.6
9828.5
9474.9
9241.5
9711.7
8134.9
8554.2
9675.9
10640.7
10146.3
9586.4
8711.5
9999.6
9627.7
11327.7
11387
10634.4
11639.2
11194.9
12145.3
11637.2
10779.9
11633.5
12115.1
12514.2
11059.4
10764.4
H01: P2041
H02: Mining: Production and sales
H03: MVK20001
H04: Mineral sales according to mining divisions, mineral groups and minerals
H05: Total, gold excluded
H06:  
H16: Actual value
H17: R million
H18:  
H23: RELEASE: 2002 12
H24: START: 1980 01
H25: Monthly
433.5
403.7
472.3
454.8
387.1
369.6
490.8
437.6
435.6
450.3
389.8
393.3
483.8
442.7
427.5
483.6
475.2
474.5
535.8
506
509.3
462.7
480.1
524.1
473.4
446.8
550.4
494.7
534.6
589.7
544
590.3
513.5
541
506.3
564.5
479.5
507.2
550.7
525.8
539.5
585.2
593.8
593.8
592.7
633.1
620.5
636.4
643.5
586
647.2
655.1
686.4
662.4
752.2
773.7
720
795.6
769.6
798.3
793.1
902.8
1066.8
890.7
901.6
973.7
935.2
928.4
1205.2
1088.3
1130.4
1152.7
1161.4
981.1
1054
1042.5
1079.3
1136.5
1251.5
1185.9
1192.5
1211.1
1610.9
1022.6
1013
1012.8
1060.3
1090.2
1049.4
1077.3
1265.9
1152.8
1271.5
1118.9
1260.2
1082.8
1165.4
1187.3
1278.1
1316.3
1272
1327.5
1534.3
1587
1598.3
1628.9
1513
1412.5
1700.6
1682.5
1518.5
1841.8
1866.7
1582.2
1954.8
2034.1
1958.6
1930.5
1734.7
1649.7
1771.3
1788.2
1859.8
1674.6
1906.3
1840.3
1881.7
2084.7
2067.9
2078.2
1875.3
1734.4
1914.3
1921.4
2246.6
2097.9
1963.4
2077.9
1945.2
2219.4
2077.8
2124.3
1870.4
1572.7
1757
1804.2
1989.9
1895.5
1806.6
2064.6
2004.4
2105.7
1759.7
1851.1
1874.5
1785.1
1911.1
1727
1826.1
1953.5
1917
2146.7
1981.2
2067
2137.5
1992.1
1961.8
2017
2106.9
1965.1
2095.5
2165.1
2118.6
2239.9
2266.1
2319
2333.5
2076.3
2029.1
2043.2
2612.9
2454
2678.6
2390.1
2716.5
2751.4
2727.9
2577.6
2695.9
2824.7
2819.6
2615.1
2764.4
2613
3031.1
2828.6
3078.3
3104.1
3229.8
3066.1
3088.7
3539.1
3130.9
3148.1
3394.4
3280.4
3172.6
3441.4
3245
3663.5
3429.2
3555
3573.9
3566.2
3332.1
3583.1
3737.4
3579.7
3713.2
3779.7
3677.1
4121.5
4285.6
4122.2
3857.5
4175
3955.1
4092.9
4033.9
3801.6
3938.7
3802.4
3826.7
4413.3
4061.6
4956
4480.8
3947.8
5038.1
5139.7
4476.9
4963.8
6688.4
5790.2
6166.9
5908.5
5700.6
5892.6
6479.6
6047.1
7529.4
7422.4
7181.9
7720.8
5912
6748
7139.7
8245.9
7779.6
6942.5
6219.3
6971.4
6953.1
8532.3
8002.3
7368.2
8110.9
7481.9
8619.3
8035.5
7344.7
8065.2
8562.1
8711.8
7981.8
7834.8
H01: P2041
H02: Mining: Production and sales
H03: MVK21000
H04: Mineral sales according to mining divisions, mineral groups and minerals
H05: Coal
H06:  
H16: Actual value
H17: R million
H18:  
H23: RELEASE: 2002 12
H24: START: 1980 01
H25: Monthly
102.3
115.3
125.2
121.9
112.5
122.7
123.8
133.5
125.7
138
136.4
139.7
137.2
149
159.7
176.1
177.4
184.2
184.7
173.8
204.8
192.7
189.9
217
193.1
210.4
216
215.6
219.1
227.4
231
235.2
222.3
221.1
218.1
243.6
181
171.1
222.1
206.3
218.7
224.3
204.8
231.8
228.6
251.4
251.5
259.9
252.5
216
261.3
257.7
278.6
285.8
297.1
328.1
316.3
305.2
320.3
355
355.6
355.9
405.2
388
418.1
413
410.4
386.2
485.9
501.8
474.2
503
451
411.6
465
432.2
498.3
448.2
442.1
463.4
428.2
474.3
469.7
436.2
381.5
380.3
357.4
426.9
352.6
376.8
404.8
377.9
422.9
422.1
464
458.1
421.4
440.4
475.3
436.4
457.8
445.6
515.4
551.4
554.6
554.1
520.3
539.8
591.2
569.7
545.7
579.8
606.4
572
673.2
664.7
715.8
696.2
657.6
638.6
625.3
629.6
690.9
608.2
666.4
722.3
620.2
728.3
715.8
724.5
727.4
706
699.9
623.2
666.8
693.4
765.7
775.9
706.2
739.8
733.6
851.9
752.1
776.5
688
745.2
759.6
767.1
742.6
808.7
794.4
968.9
733
813.1
790.4
812.7
790.6
756.5
743.8
780.8
867.8
778.3
799.8
884.3
867.5
798.9
833.3
812.3
935.9
821.1
860.7
806.4
855.9
854.6
842.6
920.2
931.3
845.5
833.2
825.4
923.5
975.9
1107.2
958.3
1096.2
1086.7
1013.5
1129.5
1077.7
1123.1
1115.8
1210.5
1057
1011
1165.2
1028
1258.1
1296.4
1327.5
1340.5
1332
1323.8
1322.7
1344
1277.8
1353
1355.1
1279.1
1295.7
1443.5
1306.9
1539.6
1546
1423.9
1310
1415
1487.3
1439.5
1441.2
1499.3
1331.5
1544.8
1459.9
1628
1533.4
1559.5
1544.7
1448.2
1448.5
1496.8
1526.4
1353.2
1471.2
1451.6
1349.7
1495.3
1367.4
1438.7
1730.2
1519.2
1366.5
1563.5
1515.3
1523.5
1582.2
1539
1518.4
1796.7
1680.6
1903.8
1909.9
1850.4
2000.4
1863.7
1805.3
1891.3
1998.3
2374
2179.6
2514
1925.6
2310.5
2236.6
2743.5
2756.8
2027.7
2657.1
2122.3
2713
2377.3
2098
2606.4
2438.8
2388.2
2145
2264.3
H01: P2041
H02: Mining: Production and sales
H03: MVK23010
H04: Mineral sales according to mining divisions, mineral groups and minerals
H05: Iron ore
H06:  
H16: Actual value
H17: R million
H18:  
H23: RELEASE: 2002 12
H24: START: 1980 01
H25: Monthly
23.9
23.1
34.6
26.9
34.1
20.2
27.6
22.9
24.9
22.7
19.2
16.2
26.5
24.4
32.6
33.4
24.4
34.6
27.2
34.7
26
30.9
28.4
30.1
29.3
28.1
36.5
41.4
27.6
24.2
45.9
38.6
24.4
14.7
23.5
32.9
21.5
32.6
23.2
21.3
21.6
26.8
20.2
28.4
30.2
29.7
26.6
28.4
30.7
32.4
53.2
26.9
33.2
26.1
32.1
26
29.5
32.6
19.3
32
38.6
29.4
34.4
37.5
38
40.6
40.7
47.2
52.8
29.8
35.8
47.3
32.5
49.5
43.6
40.6
35
39.9
37.3
50.7
25.8
45
41.3
32.4
47.3
34.1
41.4
30.4
33.2
47.4
42.2
46.1
35
40.4
40.9
34.1
60.2
32.1
53.9
39.7
38.6
36.8
47.4
50.7
46.6
56.8
46.3
55.5
59.9
61.9
45.3
74.6
78.4
53
65.1
70.8
99.3
85.6
77.2
62.4
97.2
64.8
92.6
91.2
77.9
115.9
104.5
112.2
85.7
89.9
89.2
58.3
102.9
95.8
80.2
111.1
90.8
113.2
130.8
118.8
64.2
103.8
83.5
66.7
76.4
116.2
102.8
93.4
96.3
103.2
100.5
73.1
94.2
93
118.9
59.6
117.9
102.1
120
86.4
88.6
104.1
119.9
102
117
103.7
126.2
91
77.7
116.6
103.3
120
99.3
109.8
132
125.7
112.9
117.4
117.6
167.9
121.2
104.1
133.9
119.4
139.2
161.6
142.9
143.2
133.4
146.2
147.4
165.4
131
139.2
143.2
111
146.5
156
157.1
101.3
164.8
143.2
143.9
154.5
156.6
159.3
170.1
193.1
132.4
150.8
210.3
160
192.3
186.8
218.8
157.8
220.2
223.1
201.1
209.9
189.9
244.1
184
214.3
119.5
319.3
147.5
218
183.1
161.5
151.5
191.2
159.2
189.4
173.1
248.4
148.4
212.6
212.7
183.5
196.1
216
245.3
286.9
218.2
327.1
216.3
254.5
217.5
291.8
314.6
280.3
354.9
318.5
318.5
294.7
338.9
246.7
356.2
381.5
230.3
362.9
471
454.8
414.6
361.1
534
517.2
448.5
502
492.7
459.1
358.8
337.3
443.8
444.5
H01: P2041
H02: Mining: Production and sales
H03: MVK23020
H04: Mineral sales according to mining divisions, mineral groups and minerals
H05: Chromium
H06:  
H16: Actual value
H17: R million
H18:  
H23: RELEASE: 2002 12
H24: START: 1980 01
H25: Monthly
7.4
10.5
12.2
7.5
9.5
9
7.6
10.8
8.4
6.1
7.8
7.3
9.1
10.5
6.2
9.6
7.6
10.4
8
9.3
7.4
10.4
5.6
6.7
6.4
7.8
7.7
6.4
9.7
6.5
6.7
6.2
5.7
9.2
5.2
6.3
8.9
7
12.1
8.2
8.5
10.4
8.9
7.5
13.2
7.5
6.7
7.8
7.5
9.6
10.8
13.7
12.4
11
9.8
11.3
15.2
13.1
13.5
12
12.2
12.8
16.4
22
17.6
24.8
19.6
15.4
25
26.6
25.5
35.8
19.8
19.4
22.9
21
16.3
16.1
14.5
24
22
20.8
27.8
18
19.8
26.9
19.8
28.6
26.4
15.7
22.8
25.2
22.5
25.5
21.5
23.4
22.1
25
30.9
28.9
27.6
24.7
32.1
33.8
33
36.7
38.5
30.5
34
27.2
43.6
40.7
52.4
35.7
43.5
48.8
38.4
52.2
48.4
44.5
37.8
37.2
35.7
42.5
32.4
47.8
37.1
41.8
38.9
50.8
30.1
53.8
46.3
33
46.6
40.8
42.9
32.9
49
54.3
36.5
36.4
31.2
35
52.5
24.9
26.3
38.7
27.4
23.2
33
37
29.6
34.8
25.9
34.9
37.3
17.5
27
36
24.9
33.8
23.7
26.4
40.1
31
27.1
30.9
40.1
33.5
36.3
29.3
34.9
31
25.8
39.8
30.3
35.5
29.9
33.7
34.9
30.6
35.9
43.9
50.3
44.5
57.9
59.7
52.3
68.5
69.7
59.9
59.7
55.2
61.1
63.8
83.6
41.9
65.7
75.6
93.6
78.2
72.5
60.3
76.1
77.3
62.8
86.1
76.7
69.7
100.4
64.1
95.6
74
96.6
101
76.2
77
73.5
102.1
65.6
66.3
68.2
66.9
68
94.3
78.6
74.9
83.6
72.6
72
77.4
88.2
120.4
72.8
82.9
88.4
65.4
89.9
91.1
77.4
80.5
79.3
72.7
86.3
118.6
80.8
105.2
100.1
88.4
85.4
105.8
79.1
72
72.1
113.1
78.4
87.4
83.8
89.4
74.4
65.9
98.1
88.6
93
98.8
94.1
80.9
83.4
77.9
111.2
90.1
109.3
78.3
102.1
82.1
H01: P2041
H02: Mining: Production and sales
H03: MVK23021
H04: Mineral sales according to mining divisions, mineral groups and minerals
H05: Copper
H06:  
H16: Actual value
H17: R million
H18:  
H23: RELEASE: 2002 12
H24: START: 1980 01
H25: Monthly
26
33.3
36.3
27
30
26
28.1
22.9
32.9
21.5
21.4
23.9
20.8
22.4
31.3
23
22.2
22.2
25.7
29.7
28.7
20
34.4
20.2
31.6
26.2
19.2
25.9
22.1
32
24.5
22.1
25.3
27.7
27.3
30.9
19.8
34.7
33.6
27.1
30.9
35.3
33.7
24.6
30.8
33.3
31.1
24.2
31.1
34.6
28.2
34.9
29.6
26.6
32.4
31.6
36
40.3
41.1
21.1
39.4
57.2
52.1
37.6
53.1
42.6
46.4
50.4
58.2
45.5
62
34.4
60.2
43.6
48.9
43.6
47.1
52.5
55.2
47.7
52.6
53.8
46.9
36.4
47.9
44.1
60.5
48.5
50.6
53.3
44.4
64
48.5
52.8
82
51.1
63.9
83
61.9
57.2
75.1
68.1
94.3
90.8
103.9
114.6
104.4
69.8
101.5
143.3
134.2
144.5
130.8
94.7
118.1
115.5
104.1
112
103.3
86.7
82.3
86.8
93.1
102.6
79
98
117.4
111.3
107.8
99.9
91.1
57.5
125.8
105.1
71.7
103.3
97.2
100.3
104.3
85.7
92.3
103.3
101.3
82.9
86.5
91.3
114.2
88.8
73.8
107
89.5
88.8
75.9
94.9
90
76.8
67
86.3
93.8
84
86
116.1
92
96.5
88.6
93.5
80.3
51
99
93.8
77.6
78.9
89.7
111.2
98.9
130.6
129
112.8
140.9
92.3
146.8
151
120.1
116.4
142.3
169.5
152
139.6
150.6
121.2
173.8
89.9
129.2
154.1
137.4
116.3
139.6
109.3
124
88.3
126.2
121.7
110.2
141.1
60.4
154.3
153.4
145.9
155
146.6
138.8
166.2
123.8
130.7
158.5
102.9
124.7
121.6
142.5
90.4
111.3
108.2
115.3
119.4
146.6
115.5
124.4
154.1
91.5
80.8
72.5
99.2
116.5
137.5
81.5
102.7
163.5
123.8
119.1
199.7
89.2
82.6
123.2
124.4
115.7
97.9
105.8
120.6
136.3
165.2
228
184.7
198.5
188.1
239.8
161.7
155.7
140.8
70.5
150.9
159.2
174.5
127.7
159.8
136.1
189.5
241.4
162.5
199.8
163.7
163.1
188.3
195.5
206.5
205.9
91
H01: P2041
H02: Mining: Production and sales
H03: MVK23022
H04: Mineral sales according to mining divisions, mineral groups and minerals
H05: Manganese ore
H06:  
H16: Actual value
H17: R million
H18:  
H23: RELEASE: 2002 12
H24: START: 1980 01
H25: Monthly
17.5
11.8
12.7
10.6
12.4
11.6
14.2
16.6
10
14.3
4.7
10
14.8
13.3
8.1
15.3
9.6
12.6
9.7
16.7
16.1
17.2
18.3
14.6
22.6
14.9
24.8
19.3
23.3
14.4
12
9.5
20.9
7.8
11.2
11
11.2
4.6
5
10.7
7.4
6.7
10.4
9.5
10.8
13.6
12.3
8
10.8
13.4
16.8
16
9.4
12.4
18.9
21.1
18.8
22.3
19.4
24.3
16.2
25.5
32.4
17.3
14.4
10.9
25
37.6
27.5
37.9
28.9
25.1
27.7
20.4
27.1
13.3
22.7
16.6
25.5
28.4
27.4
29.9
16.1
16.2
12.8
13.7
19.6
6.5
12.7
12.7
19.5
16.9
11.8
18.6
21.6
10.4
19.7
23.9
22.3
20.6
22.5
8.1
39
45.8
35.5
40.8
32.6
43
46.5
39.8
47.9
66.7
42.7
71.7
80
70.3
59.3
40.2
96.6
59.5
60.3
85.2
84.2
55.8
70.6
47.8
30.9
103
79.2
93.6
39.2
98.7
64.7
66.5
77.1
103.6
36.3
69.5
37.6
79
90.6
59.2
71.5
11.5
42.7
32.8
59.8
77.6
69.8
45.9
52.3
58.9
45
49.1
44.5
21.5
58.8
37.1
49
47.6
25.7
58.6
35.6
41.5
66.9
43.8
31.8
52.7
63
59.4
33.5
75.6
34.1
46.5
72.4
48.3
71
43.8
48.1
49.5
89
38
60.6
45
69.4
73.2
44.3
70.2
32.7
58.5
64.9
46.2
55.4
63.2
66
44.6
48.7
103.1
43.9
86.6
66.6
31.5
65.7
108.7
54.9
56.8
73.6
73.9
59.2
99.4
104.1
70.9
64.1
80.6
50.7
104
79.1
85.8
88.5
86.3
75.5
69
71.9
40.5
123.6
94.5
59.3
81.5
107.8
78.9
89.2
111.7
66.6
87.7
48.8
64.5
55.6
57
117.9
48.9
59.5
124.4
117.7
82.3
116.2
126.1
100.6
91.1
93.7
93.5
119.9
107.2
118
119.8
69.7
128.3
67.3
150.3
81.9
72.8
124.3
84.9
92.1
192.1
117.8
129.9
125
140.6
95.6
206.3
137.6
167
162.6
91.5
96.8
155.7
H01: P2041
H02: Mining: Production and sales
H03: MVK23023
H04: Mineral sales according to mining divisions, mineral groups and minerals
H05: PGMs
H06:  
H16: Actual value
H17: R million
H18:  
H23: RELEASE: 2002 12
H24: START: 1980 01
H25: Monthly
79.9
66.2
78.1
62.5
61.8
54.5
71.7
81.6
73.9
70.8
86.2
64.1
69.6
84.5
76
72
104.4
75.5
95
94.4
70.1
79.6
63.3
53
49.8
52.2
69.7
53.1
62.4
98.1
64.8
98.8
46.6
82.7
108.2
65.8
57.1
90
75.7
78
92.4
99.9
96.3
97.9
102.7
108.8
105.5
114.4
107.5
105.6
103.7
115.1
107.4
114.2
119
123.4
129.6
135.5
137.8
133.4
146.5
131.6
182.4
126.1
156.6
184.7
124.6
132.5
209.8
186.4
197.7
219.4
196.6
201.4
195.3
212.2
188.9
232.2
299.1
278.2
326.8
296.1
276.1
261.2
287.6
228.6
268.5
271.7
333.8
315.9
349
293.8
375.2
267.3
296.7
292.4
234
273.9
268.5
295
283.6
348.3
349.4
328.1
379.2
346.4
359.6
347.4
381.7
334.5
341.4
337.2
429.4
372.8
456.8
467.2
391.3
404.1
330.6
364.3
368.2
381.8
411
345.8
411.7
413.9
476.2
492.1
546.8
444
468.5
404.4
468.2
468.3
551.2
580.4
504.6
479.8
514.7
548.9
468.5
445.5
388.9
273.3
325.2
289.4
412.6
411.9
357.8
440.9
446.2
459.6
386
378.8
396.2
373.1
419.9
328.7
461.5
468.2
363.2
478.2
471.8
459.9
457.9
397.1
405.2
477.3
442.3
442.9
436.1
495.9
449.7
487.1
543
426.1
581.9
487.5
451.1
504.3
586.1
534.8
480.3
539.8
561.6
617.2
687
483.6
592.9
471.1
515.5
502.5
622.3
479.1
703.1
620.9
546.7
617.2
801.8
591.8
656.5
782.2
657.7
558.6
601.4
633.4
687.8
569.2
626
714.2
632.9
649.5
751.2
564.6
747.5
884
849.2
607.8
922.8
985.7
956
1168.3
1317.3
1026.3
1119.7
997.4
1013.6
1065.8
1177.9
963.8
1147.1
1122
1088.9
1323.5
1420.9
1102.3
1391.7
1175.9
1295.4
1677.9
1576.8
1505.6
2276.6
1928
2032.6
2191.6
2593
2124.2
3043.2
2327.1
2625.4
2870.4
3068.9
3355.2
2397.1
2678.6
2868.4
3538.1
3232.2
2179.4
2592.7
2317.2
2367.8
2775.2
3034.1
2903.3
3063.5
2665.4
2817.5
2828.9
3144.7
2530.7
3125.7
2789.9
3129.8
2795.2
H01: P2041
H02: Mining: Production and sales
H03: MVK23029
H04: Mineral sales according to mining divisions, mineral groups and minerals
H05: Nickel
H06:  
H16: Actual value
H17: R million
H18:  
H23: RELEASE: 2002 12
H24: START: 1980 01
H25: Monthly
7.1
6.5
8
11.2
12.2
11.2
5.7
12.3
11.8
5.9
14
6.4
6.1
13.7
13.7
17.6
13.9
16.7
11.4
18.8
17.8
6
6.6
10.9
7.7
5.1
20.1
6.6
7.9
13.3
14.2
11.9
11.2
3.2
2.7
8.2
4.2
8.5
20
4.1
7.2
4.1
13.2
7.5
11.2
8.3
11.7
10.9
10.1
10.2
11.3
14.3
15.8
13.4
14.3
14.2
15.4
13.4
15.5
14.1
17.5
20.3
21.4
22
23.2
18.5
32.1
27.7
27.4
25.9
22
26.5
20.4
17
17.5
13.3
22.5
27.5
30
16.1
20.8
18.3
23.6
14
15.7
15.3
14.8
19.4
16.7
16.8
21
20.9
26.3
27.4
25.3
26.1
24.2
39.2
47.8
35.5
62.6
64.2
76.7
85.2
81.8
71
69.4
70.5
80
92.2
111.6
93.6
66.4
92.7
83.3
103.5
63.4
62.9
48
50.1
49.9
38.2
44.4
54.6
65.5
57.9
35.3
81.6
62.4
53.8
62.6
49.3
47.1
43.1
45.9
44.6
48.2
62.8
65.4
53.9
45.4
44.5
39.8
38.3
42
32.5
46.2
46.6
47.5
39.6
39.2
42
52.2
40.3
47.5
35.1
42.1
37.5
40.4
34.8
36.9
49.7
45.4
34.1
32.8
37.2
33.9
32.9
26.4
41.7
49.9
45.5
48.6
44.6
58.1
40.5
51.7
51.7
40.3
51.2
53.2
67.7
63.2
56.8
81.4
78.4
77.9
75.1
74.1
57.4
87.1
77.7
61.2
79.8
63.4
151.8
47.9
93.5
52.4
76.9
96.6
73.8
98.3
88.3
89.6
72.2
97.4
104.8
117.6
125.4
110.8
132.4
57.4
60.9
102.8
81.1
153.5
76.1
65.7
86.2
64.6
78.1
90.8
88
85.3
85.4
66.9
80.3
65.2
64.6
80.2
81.3
98
109.1
72.8
97.4
110.4
113.8
138
117
149.6
147.4
175.1
150.1
202.4
208.8
170.1
157.8
158.8
150.5
171.9
151.8
151.5
166.8
142.5
110.3
154.2
199.9
130.4
141.4
134.4
122.2
148.7
207.3
205.9
189.2
185
208.8
211.2
175.7
222.6
257.9
260.2
247.1
242.8
232.6
H01: P2041
H02: Mining: Production and sales
H03: MVK23999
H04: Mineral sales according to mining divisions, mineral groups and minerals
H05: Other metallic minerals
H06:  
H16: Actual value
H17: R million
H18:  
H23: RELEASE: 2002 12
H24: START: 1980 01
H25: Monthly
36.3
32.7
51
69.9
50.8
28.8
84.3
39.7
55
74.3
33.9
58.7
31.8
53.8
30.5
60.3
55.7
43.4
66.9
46.7
44.1
41.3
48.6
75.1
54.8
17.6
57.3
42.1
85.9
48.3
60.5
91.7
60.3
82.8
18.2
72.1
75.5
54.4
26.3
73.7
55.4
47.3
96.8
72.9
45.5
69
69.9
70.7
80.1
41.6
54.9
79.4
80.6
59.5
102.4
78.1
31.9
111.1
70.4
80
50.3
132
155.9
94
45.2
45.6
76.6
111.8
94.6
88.6
165.1
124
72.8
44.2
70.5
110.2
66.8
124.6
111.5
119.5
120.7
78.2
530.3
55.6
38
94.5
46.8
63.8
50.8
73
108.5
64.4
159.4
80.2
90.4
39.6
69.1
46.7
74.5
124.5
65.8
43.4
106.4
123.4
47.5
163.6
51.4
97.3
69.8
103.9
60.7
125.3
93.3
101.8
78.6
113.1
114.8
134.3
110.8
105.5
88.2
75.7
65.5
91.6
89.5
79.8
129.4
59.5
79
126.8
52.3
97
53.3
70.7
73.5
86
59
86.9
73
95.1
65.1
74.4
82.5
74
43.8
56.6
65.8
65.4
63.4
121.9
82.9
72.9
63.8
52.4
86.9
67.8
55.6
41.2
61.6
70.4
58.9
144.1
73
70.5
87.3
71.7
90.2
104.7
74.5
96.6
99.1
69
74.5
109.1
62.1
92.1
72.2
41.5
71.2
87.7
88.6
88.4
126.7
85.8
98.7
116.4
91.7
115.7
134.1
117.6
134.8
123.5
134
123.2
189.5
147.2
197.8
180.6
122.6
150.7
194.9
156.9
160.4
252.5
183.1
157.3
210.6
159.1
189.7
197.6
205.5
174
271.9
222.9
138.9
223.6
105.5
249.3
213.6
182.2
154
279.5
221.1
234.9
201.7
204.2
233.9
322.4
142
146.2
257.4
176.9
188
181.4
228.3
198.2
195.7
174.6
257.4
306.5
184.2
195
188.4
198.5
269.6
242.2
242.1
190.6
270
329.7
272.5
255.3
205.2
284.3
195.8
265.3
242.9
289.2
252.7
262.8
248.8
296.8
366.3
370
295
303.2
394.1
393.1
464.2
340.6
292.5
430.1
455.9
371.2
291.6
448.6
H01: P2041
H02: Mining: Production and sales
H03: MVK24000
H04: Mineral sales according to mining divisions, mineral groups and minerals
H05: Gold
H06:  
H16: Actual value
H17: R million
H18:  
H23: RELEASE: 2002 12
H24: START: 1980 01
H25: Monthly
963.9
1127.2
836.9
703
560.4
733.6
1101.6
879
969.1
852.9
922.5
744.8
790.2
681.5
697.8
622.5
653.5
665.7
767.8
651.2
745.1
808.3
778.4
692.3
501.3
636.1
655.5
571.2
548.3
643.6
779.6
737.1
942.2
1010.8
948.3
804.1
956.6
946.9
908.7
842
857.5
797
816.4
880.3
857.2
680
902.5
732
967.3
873.2
917.5
803.4
905.3
844.5
1071.3
1010.9
910.2
1321.4
1183.6
764.9
1362.1
1201.9
1043.3
1110.5
1147.8
881.5
1376.9
1253.4
1417.2
1797.8
1463.3
1235.4
1620.7
1291.6
952.2
1383.1
1294.5
1324.8
1722.3
1529.4
1551.1
1988.5
1509.8
1115.3
1647.1
1369.2
1334.7
1522
1382.8
1216.5
1930.4
1412
1006
1889.9
1522.4
1261.5
1748.8
1402.9
1547
1477.1
1533.9
1497.4
1889.8
1971.1
1691.3
1685.8
1924.7
1317.2
1915.6
1335
1378
1650.9
1532.1
1457.2
1854.7
1656.5
1582.3
1876.8
1734.5
1465.2
1891.8
1399.9
1450.5
1876.2
1336.2
1527.2
1521.3
1801.7
1633
1656.4
1553
1346.6
1743.4
1279
1295.2
1633.9
1723.9
1506.3
1899.8
1857.6
1431.2
1968.4
1669.5
1287.8
1753.4
1379.6
1716
1560.6
1487.4
1359.8
2026.5
1644.1
1727.1
1914.5
1477.8
1465.8
1837.5
1381.1
1759.1
2575.8
1637.3
1558.3
2441.5
2206.7
1940.8
1956.6
1853.5
2090.9
2321.8
1654.3
2106.4
1836.3
2206.4
1875.8
2403.4
2096.7
2193.1
2267.6
2124.1
1867.2
2056.3
1780.8
2021.3
2021.2
1988.4
1773.9
2049.7
2089.7
2144.1
2498.3
1719.2
1190.3
2401.4
1991.2
1971.6
2552.3
2266.8
1890.7
2565.7
2411.9
2035.8
2688.5
1986.3
1720.1
3053.4
1879
1764
2135.4
2064
1782.4
2351.1
1991.2
1994.3
2459.8
1798.6
1803.8
1839.8
1736.6
1834.4
1882.4
1756
1895.6
2383.4
2196.3
2209.2
2270.9
2039.8
2250.1
2064.9
1961.9
2506.4
1904.1
1876.2
1978
1934.4
1896.9
2067.5
2058
2534.8
2207.2
1767.2
2151.9
2270.1
1731.1
2055.8
2313.9
1939.7
2330.8
2089.3
2270.6
2299.1
2052.5
2059.5
1990.9
2222.9
1806.3
2536.2
2394.9
2366.7
2643.9
2492.2
3028.2
2674.6
2795.4
3384.7
3266.2
3528.3
3713
3526
3601.7
3435.3
3568.3
3553
3802.4
3077.6
2929.6
H01: P2041
H02: Mining: Production and sales
H03: MVK28010
H04: Mineral sales according to mining divisions, mineral groups and minerals
H05: Building materials
H06: Granite or norite
H16: Actual value
H17: R million
H18:  
H23: RELEASE: 2002 12
H24: START: 1980 01
H25: Monthly
1.7
2.1
1.9
1.6
1.9
2.3
1.9
2.8
2.3
2.4
1.5
1.3
2.6
1.5
2.6
2.4
1.6
2.8
1.4
2.6
2.4
2.1
1.5
2.2
1.1
1.7
1.7
2.1
2.6
2
2.7
1.4
3.5
1.9
2.2
1.8
2.8
2.1
2.2
1.9
2.8
2.4
2.6
2.1
3
2.9
2.8
2.5
1.8
2.6
3
2.8
2.7
2.8
2.8
4.8
3.5
2.9
3.6
2.4
1.7
3.6
4.1
4
4.2
3.9
4.5
4.8
4.3
5.3
4.7
4.7
2
4.4
5.7
4.7
6.9
5
5.8
6.1
5.5
7.1
5.4
5.5
1.8
6.6
8.4
6.5
6.4
9.3
7.6
8.1
9.3
9
8.7
7.2
3.4
11
14.2
11.5
9.5
16.6
14.2
12.2
13.9
11.2
12.5
8.8
9.1
11.4
13.5
22.6
18.5
18.2
17.1
14.5
14.2
15.2
12.2
15.2
8
27.7
12.9
22.6
19.2
21.7
20.8
22.6
21.1
22.8
21.9
14.9
13.7
24.6
16.6
19.7
26.5
23
20.2
24.9
20.9
18.9
21.8
20.1
14.1
18.7
22.1
15.6
13.2
14.4
18.2
18.6
16.9
20.5
14.1
26.8
12.6
15.9
15.4
18.8
21.2
20
22.4
23.2
25.6
22.7
17.2
20.6
14.9
24
18.1
17.2
23.3
29.7
18.2
28.2
26.9
15.9
20.5
23.3
17
29
24.2
25.5
28.5
34
25.4
26.7
47.1
26.3
29.1
27
29.7
27
30.6
29.7
24.5
40.9
38.7
39.4
42.5
41.6
49.8
38
30.9
38.1
39.8
44.8
60.4
44.8
37
42.1
36.2
47.6
40.2
55.6
21.2
47.4
48.7
51.2
42.3
64.9
35.7
39.9
39.9
35.9
44.9
36.5
22.3
38.4
38.3
71.1
51.7
82.4
57.2
56.2
52.9
51.8
41
64.8
45
30.6
43
58.2
72.6
68.8
45.7
75.9
50.6
62.9
60.4
61.2
34.4
61.7
49.6
54.5
43.9
72.1
53
78.1
57.6
81
61.4
69.7
70.5
66.2
69.9
65.3
73.6
62
80
76.5
89.6
66.4
96.8
65
H01: P2041
H02: Mining: Production and sales
H03: MVK28011
H04: Mineral sales according to mining divisions, mineral groups and minerals
H05: Building materials
H06: Lime and limestone
H16: Actual value
H17: R million
H18:  
H23: RELEASE: 2002 12
H24: START: 1980 01
H25: Monthly
8.7
9.1
9.5
10.1
10.1
10.2
11
10.4
10.9
11.1
10.7
10.6
11.1
10.2
11.1
12.5
13
12.5
12.7
13.2
12.9
13
12.3
11.9
13.2
13
13.6
12.8
13.3
13.8
13.5
13.3
13.8
12.7
13.3
11.7
11.7
12.6
13.8
13
13.6
13.1
14.6
15.3
15.4
15.8
16.1
14.2
15.5
14.4
16.4
15.7
14.8
14.8
16.8
19.4
17.1
17.8
17.3
14.7
16.7
15.3
16.6
16.8
16.4
15.9
19.6
19.1
18.6
20.7
16.2
15.2
16.2
18.5
18.9
20.5
19.6
19.4
20.7
20.7
22.5
23.1
21.3
19.1
21.7
21.7
21.9
21.5
22.3
24.2
24.2
23.2
24.3
23.7
24.6
23.2
23.8
21.5
25.9
26.3
28.6
29.5
27.3
29.2
28.9
29.6
29.2
25.3
30
27.6
29.1
29.6
31.9
32.3
33.2
33.8
32.4
33.7
33.7
30.6
33.9
32.2
36.2
35.4
33.7
38
38.9
38.9
36.2
39.2
37.4
35.6
36.1
38.6
38
42.2
40.1
40.7
40.8
44.3
45.8
43.7
40.9
36
39.5
40.6
45.1
42.3
39.3
42.2
40.6
42
44
44.5
45.1
37.4
41.1
41.7
41.5
41.6
43.3
45.7
46.6
47
50.1
51.5
51.7
34.4
49.2
44.9
50.4
52.5
49.9
51
49.6
51.4
53.6
54.5
52.1
45.9
51.6
52.6
54
50.7
54.8
54.5
58.2
62
62.8
64
76.4
57.5
58.8
51.3
58.3
58.3
61.6
54.6
61.5
60.9
60.4
61.9
56.6
49
67.3
53.2
44.5
57.1
58.1
55.9
50.6
63.6
60.5
61
61.6
58
60
57.5
59.4
58
56
57.1
65
61.7
55.7
57.4
61.7
56.7
65.7
65.6
72.6
71.4
76
79.8
75.9
74.6
68.3
67.5
66.4
54.2
59.4
62.8
64.5
55.8
61.6
62.8
67.8
70.1
72.1
75.1
80.9
59.6
71.6
66.1
70.2
69.3
79.4
77.6
76.7
81.3
82.1
88.5
81.1
70.7
84
81.4
80.3
83.2
86
80.9
94.9
92.6
94.5
100.5
101.5
82.1
H01: P2041
H02: Mining: Production and sales
H03: MVK28888
H04: Mineral sales according to mining divisions, mineral groups and minerals
H05: Building materials
H06:  
H16: Actual value
H17: R million
H18:  
H23: RELEASE: 2002 12
H24: START: 1980 01
H25: Monthly
17.1
23
22
23.4
23.1
27.2
24.8
24.7
28.4
27.5
25.4
21.6
25.2
25.8
29.4
29.6
30.9
30.2
30.7
32.2
27.5
34.6
34
26.9
26.8
32.2
32.8
31.7
34.6
36.2
35.8
32.9
35.9
33.8
34.6
26.8
25.4
33.9
35.4
32.5
37
35.7
37.2
39.9
40.1
41.3
43.7
30.8
31.8
39.9
42.2
39.1
42.6
42.3
44.2
51.9
45.6
47.2
46.3
34.3
35
42.8
44.7
47.4
46.1
45.8
48.4
48.8
50.8
52.6
47.5
35.9
36.4
50.1
49.7
49.7
50.7
55.4
54.5
54.8
59.9
56.5
55.3
39.8
43.5
56.4
60.7
55.7
59
67.7
65.6
67
71.8
67.6
72.5
51.9
56.4
73.4
81.5
74.4
80.8
91.6
86.1
92
95.5
89.3
94.5
62.4
79
84.9
93.9
101.9
100.8
100.7
102.6
105.4
98.2
100.9
101.8
76.5
79.6
107.8
100.3
104.7
103.3
109.6
112.3
115.3
108.3
115.9
108.1
83.9
87.2
110.2
106.4
110.5
115.5
111.7
117
122.5
117
117.1
114.1
84.7
94
116.4
118.1
107
104.2
105.4
110.2
104.8
111.6
117.6
110.1
92.9
90.5
107.2
112.9
106.8
109.7
122
119.5
124.6
130.1
125.1
128.2
84.7
107.2
122.6
136.5
119.6
129.4
143.7
122.7
141.3
152.6
134.6
149.9
110.3
118.3
148.4
148.1
139
163.4
161.7
163.1
163.7
189.2
172.2
186.3
137.7
143.1
155.2
168.6
163.6
169.5
184.7
183.4
182.8
188.1
193.6
196.6
141.9
161.5
179
164.3
182.8
198.3
187.9
176.9
199.3
183
198.5
188.7
208.5
149
185.7
211.8
195.5
195.4
219
209
194.2
188.9
195.8
205.4
142.9
165.6
196.2
208.4
228.3
216.9
241.8
217.8
211.2
212.6
206.1
207.8
166.8
175.2
171.6
202.2
197.7
238.2
237
217.7
264
219.7
249.4
258
188.4
200.7
232.6
235.8
228.9
235.6
259.5
228.3
258
236.6
284.2
241.2
198.4
237.8
248.2
245.8
247
273.6
250.6
286.6
288.3
309.1
293.3
313.8
235.5
H01: P2041
H02: Mining: Production and sales
H03: MVK28889
H04: Mineral sales according to mining divisions, mineral groups and minerals
H05: Building materials
H06: Other building materials
H16: Actual value
H17: R million
H18:  
H23: RELEASE: 2002 12
H24: START: 1980 01
H25: Monthly
6.7
11.8
10.6
11.8
11.1
14.7
11.9
11.5
15.1
14
13.2
9.6
11.5
14.1
15.7
14.8
16.4
14.9
16.6
16.4
12.1
19.6
20.3
12.7
12.5
17.6
17.5
16.8
18.8
20.4
19.6
18.2
18.6
19.2
19.1
13.3
10.9
19.2
19.4
17.7
20.6
20.2
20
22.4
21.7
22.6
24.8
14
14.5
22.9
22.8
20.6
25.1
24.7
24.6
27.6
25.1
26.5
25.4
17.2
16.6
23.9
24
26.5
25.5
26
24.4
24.9
27.9
26.6
26.6
16.1
18.1
27.2
25.1
24.5
24.2
31
28
27.9
31.9
26.4
28.6
15.2
19.9
28.2
30.4
27.6
30.3
34.2
33.8
35.8
38.3
34.9
39.3
21.6
29.2
40.9
41.4
36.6
42.7
45.5
44.6
50.6
52.7
48.5
52.8
28.3
39.9
45.9
51.3
49.7
50.4
50.2
52.3
57.1
51.6
52
55.9
30.7
37.7
47.9
51.2
46.7
50.4
49.9
52.6
53.8
51
53.9
48.8
33.4
37.4
47
51.8
48.6
48.9
48
56
53.3
50.3
54.5
51.4
28.6
40.3
57.1
50.9
49.1
51.7
48.8
51.4
44.2
50.7
52.6
50.9
28.7
36.8
49.6
56.1
46.5
45.3
56.3
50.5
54.3
54.4
50.9
59.3
29.7
43.1
53.7
68
50
56.3
63
54.8
61.7
72.1
64.2
77.3
41.1
49.7
66.7
69.8
62.7
80.1
73.3
79.6
75
79.4
81.9
80.8
53.3
54.6
76.8
79.8
75.5
83.5
89.1
83.2
82.6
85.2
90
90.2
54.8
63.4
87.8
80
80.9
79.8
87.1
89.3
93.6
86.3
89.9
86.9
94.9
67.9
80.8
103.6
86.3
97
96.9
108.3
92.5
93.3
102.5
98.9
49.7
77.7
92.1
97.5
85.8
89.2
79.6
84.8
80.4
91.4
86.8
100.4
47.8
70.7
78.2
94.8
83.8
104
105.4
104.2
118
97.1
111.4
116.7
67.6
94.7
104.8
116
105.1
112.3
109.7
98.5
98.5
96.9
114.8
98.6
58
83.3
100.6
95.5
98.4
114.1
107.7
111.6
119.2
125
126.5
115.6
88.4
H01: P2041
H02: Mining: Production and sales
H03: MVK28999
H04: Mineral sales according to mining divisions, mineral groups and minerals
H05: Other non-metallic minerals
H06:  
H16: Actual value
H17: R million
H18:  
H23: RELEASE: 2002 12
H24: START: 1980 01
H25: Monthly
116
81.3
92.2
93.9
40.7
58.4
103
72.6
64.6
69.2
40.8
45.4
142.7
45.3
40
46.7
29.1
44.7
76.5
49.7
66.8
30
51
69.6
51.3
52.3
66.3
52.6
42
89.3
48.6
43.4
60.9
58
57.3
66.9
74.9
70.4
97.3
63.9
60.4
94.7
72.3
73.8
79.6
70.2
61.5
81.3
81.4
82.7
64.8
58
76.8
71.1
82
88
81.7
74.9
86
92.1
81.8
95.3
121.9
98.8
89.3
147.2
111.4
70.8
173.2
93.2
71.7
101.3
244
123.9
113.5
106.4
131
123.5
181.8
103.1
108.3
138.2
123.8
112.8
118.9
118.9
170.8
138.7
113.6
98
188.1
176.6
98.1
117
145.3
95.7
194.4
149.7
161.5
204.1
157.6
196.7
187.5
185.8
220.7
155.6
196
96.3
257
225.1
94.2
277.5
266.1
87.1
253.6
274.8
274
242.1
160.4
161.6
282.5
281.1
242.1
177.6
310
147.3
218.4
239.6
244
279
206.8
125.5
218.9
305.5
527.2
224.2
203.2
244.9
147.2
321.4
364.6
288.2
205.5
129.8
305.9
298.9
284.5
199
223.8
268.8
256.2
199.7
168.4
177.1
164.1
210.7
231.4
212.9
116.1
238.5
255.3
261.8
200.5
227.2
249.3
290.1
205.6
279.5
240.8
136.9
262.5
324.9
302.5
302.3
308.5
354.4
200.6
206
146.9
120.9
451.4
315.3
402.7
287.6
314.2
242.1
297.8
197.3
258.8
488.9
324.4
201.6
371.5
353
333.7
381.5
440.1
321.4
351.4
371.7
169.3
634.2
303
298.2
732.9
437.7
197.5
647.4
394.4
528.5
442.5
399
288.6
623.5
319.6
305.1
492.7
514
352.6
342.2
533.3
344.2
548.2
509.8
270.8
509.3
480.7
504.8
568.7
540.3
333.9
361.2
333.3
571
395.8
1353.3
747.1
379.9
869.6
829.1
602.5
877.2
1765
1226.1
1305.6
820.3
455.8
787.7
559.8
447.6
1543.9
1428
804.7
1119.7
435.4
875.9
1000
959.9
1164
892.3
492.8
952.2
803.7
1342.6
711.2
917.2
571
944
1312.3
1112.6
395.7
1047.4
1146.1
1908.4
1010.1
1085.2
H01: P2041
H02: Mining: Production and sales
H03: MVS20000
H04: Mineral sales according to mining divisions, mineral groups and minerals
H05: Total, gold included
H06:  
H16: Seasonally adjusted value
H17: R million
H18:  
H23: RELEASE: 2002 12
H24: START: 1980 01
H25: Monthly
1315.2
1507.8
1340.6
1255
1019.3
1181.9
1519.2
1316.4
1349.8
1143
1299.6
1205.7
1234.5
1135.2
1109.1
1200.3
1210
1220
1220.2
1192.4
1187.5
1165.2
1213.8
1280.2
939.1
1095.4
1179.3
1139
1195.1
1293.8
1298.1
1318.3
1400.5
1406.8
1400.8
1411.5
1419.2
1477.1
1423.5
1508.9
1483.1
1461.2
1370.4
1450.7
1396.9
1209.9
1434.7
1486.4
1524.2
1472.2
1597.1
1580
1655.2
1646.8
1736.8
1710.9
1673.9
1829.8
1829.7
1757.1
1991.1
2183.9
2177
2143.5
2094.9
2085.3
2139.2
2176.6
2626
2462.5
2510.9
2624.7
2520.2
2395.9
2268.1
2388.5
2544
2708.7
2681.8
2672
2732.9
2694.5
3090.3
2353.7
2528.5
2553.7
2505.7
2674.8
2603.6
2504
2789.3
2559.2
2209.1
2695.2
2705.6
2591.3
2781.1
2837.6
2899.3
2894.2
2967.9
2995.8
3119.6
3312
3179
3095.1
3303.3
3130.3
3450.8
3312.1
3032.8
3495.7
3546.6
3141.7
3578.6
3345.7
3567.2
3461.9
3403.3
3567.2
3480.8
3520.2
3425.9
3606.3
3340.4
3558.8
3078.9
3432.2
3833.1
3382.5
3398.3
3598.9
3459.3
3553.4
3799.4
3608.9
3702.6
3821.5
3440
3781.2
3547.7
3708.3
3700.1
3173.9
3255.9
3676.8
3732.9
3448.3
3420.6
3528.5
3520.3
3614.8
3431.6
3536.2
3526.9
3507
3633.8
3457.4
3559.3
4485.3
3758.4
3736.9
4061.7
4009.3
4016.8
3723.3
4029.5
4339.7
4394.1
4002.1
4144
4101
4348.3
4177.5
4294.3
4161.5
4393.7
4243.1
4307.2
4308.1
4438.4
4633.4
4565.5
4607.2
4664.5
4536
4560.8
4414.6
4864.6
5026.7
4721.2
4137.7
4872.8
4964.1
5072
5468.9
5179.4
5237.5
5346.2
5363.5
5129.7
5806.3
5436.2
5160.9
5999.2
5495.3
5334.7
5312.8
5433.9
5492.9
5400.9
5412.6
5602.8
5594.2
5491.3
5532.5
5521.8
5615.4
5404.6
5741.6
5560.8
5967.1
6226.9
6375.3
6019.7
6385.7
6193.8
6327.8
6071.8
6071.5
6091.6
5799.9
5999.6
6131.9
5965
6701.8
6556.7
6014.5
7763.3
7105.5
6433.6
7420.7
8141.5
8169.5
8153.8
7780.3
7913.8
7974.9
8813.4
8306.6
9916.9
9566.6
9035.3
10139.5
7688.7
9055.2
9451.8
10388.2
10191.6
9253.8
9122.6
9891.5
9628.8
11803.9
11031.4
11045.7
11482.9
11291.9
11593.4
11540.6
10720.7
11924.8
12337.1
12257.8
11494.1
10806.7
