H01: P2041
H02: Mining: Production and sales
H03: FMP20000
H04: Physical volume of mining production
H05: Total, gold included
H06:  
H16: Actual indices
H17: Index
H18: 2019=100
H23: RELEASE: 2026 01
H24: START: 2003 01
H25: Monthly
85.9
102.5
102.6
101.8
108.1
109.6
111.7
110.1
115.5
115.5
109.6
114.5
101.5
98.7
113.9
105.9
114
112
120.5
115.3
118.4
109.2
111
114.3
109.4
101.8
118
111.8
115.6
117.2
114.2
115.7
116.1
111
113.1
107.8
98.9
96
114.5
106.8
111.1
118.2
111.9
116.7
118.4
112.9
117.4
111.3
101.5
102.2
115.9
105.7
111.5
115.5
108.2
114.5
117.7
109.2
111.1
109.1
88.9
94.2
96.4
102.9
110.5
110.8
100.7
109.9
115.2
111.5
104.1
102.1
80.5
84
94.3
91.6
99.8
104.8
104.1
100.8
101.6
100.5
102.5
100.3
87.7
89.7
104.6
92
93.1
105.6
103.6
109.7
111.4
105.5
110.4
108
87.9
91.8
104.1
102.3
101.4
105
98.3
104.6
108
95
105.8
106.5
85.4
84.4
98.2
92.6
104.4
110.1
105.6
106.4
100.6
86.3
101.2
96.9
91.4
90
94.6
93.9
103.6
105.3
107.1
107.8
100.6
106.3
106.5
105.8
93.5
86.5
92.1
94.7
98.8
100.4
101.4
99.4
106
106.7
106
102.9
87.7
91.4
112.6
102.2
100.8
108.1
105.1
104.4
101.3
103.3
106.6
103.4
83.7
84.9
92.7
96.4
102.1
107.6
101.9
106.1
107.9
101.4
102.4
99.9
87.1
86.7
107.3
96.4
103.9
108.6
105.7
114.9
106.3
106.4
108.8
98.3
89.2
90.1
99.2
93.4
104.7
113.2
99.2
108.4
104.9
109.2
105.5
94.1
86.3
83.5
99.3
93.1
106.3
110.3
101.9
105.6
105.5
107.5
106
94.5
92.6
88.8
83.2
45.1
82.7
84.3
95.9
102.4
102.5
101.9
96.4
93.4
84.9
86.2
105.3
102.6
103.9
107.1
106.8
108.9
102.3
105.7
103.3
93.5
85.2
79.1
97.8
87.6
97.8
100.4
98.4
101.4
96.2
91.5
92
88.7
82.9
74.9
96.5
89.1
96.2
100.5
95.2
100.9
95.7
95.5
100
88.8
82.1
84.2
92.2
91
97.2
97.6
93.4
101.1
100.4
96.8
99.6
86.8
80.6
77.2
91
85
98.1
100
98.5
101.5
101.9
102.7
97.2
89.2
84.3
H01: P2041
H02: Mining: Production and sales
H03: FMP20001
H04: Physical volume of mining production
H05: Total, gold excluded
H06:  
H16: Actual indices
H17: Index
H18: 2019=100
H23: RELEASE: 2026 01
H24: START: 2003 01
H25: Monthly
64.4
80.6
79.7
79.8
86.2
87.4
89.3
87.3
92.3
93.2
87.2
92.6
82.6
78.2
92.8
86.4
93.8
90.9
100
94.3
97.7
89.9
91.1
95.3
91.9
83.8
99.3
96.2
98.1
98.8
97.3
99.4
97.9
93.7
95.5
89.4
83.9
79.6
97.7
90.6
96.1
101.6
96.4
100.4
101.2
97.1
101.5
96.6
87.4
86.2
101.1
91.8
96.8
100.1
93.4
98.8
101.7
94.5
97.4
94.9
77.5
83.2
83.3
90.8
97.9
97.4
88.6
98.3
102
99.5
92.1
90.4
69.9
72.4
81.9
81
88.4
93.1
93.3
89.4
89.2
89.1
91.4
89.5
80.9
79
94.9
82.2
81.4
93.9
93.7
97.9
101
94.8
99.7
97.7
79
82.1
94
93.3
91.8
94.5
88.8
96.8
97.9
84.1
95.9
97.9
78.5
76.3
90.1
85.6
95.9
101.2
98.1
99.1
92.4
85.4
98.1
91.9
86.6
83.2
87
87.2
97.9
98.6
99.2
101.3
92.9
98.4
98.7
100.2
88.4
79.4
84.2
87.8
91.8
92.3
94.6
92.4
98.5
99.6
99
95.2
87.9
85.8
106.2
98.4
95.3
100.9
100.7
97.8
93
97.1
99
96
79.6
75.6
84.6
92
96.1
100.8
96.6
102.1
102.3
95.7
96.6
93.7
83.6
81.8
103.9
92.6
98.7
102.6
100
110.9
100.1
101.7
106.5
94.6
87
86.6
97.5
91.1
102
111.4
95.8
106.8
103.3
108.2
105.2
95.7
87.7
82.8
101.2
94.2
109
111.3
101.5
104.4
104
106.2
104.9
92.5
94.3
87.1
80.8
46.9
84.3
83.7
96.2
103.6
100.9
100.8
95
91.6
87.2
85.8
104.9
103.9
103.9
106.9
106.9
108.4
101.6
105.9
103.2
94.4
86.3
78.9
100.1
89.7
100.4
103
99.7
102
96.4
90.7
90.9
89.1
83.4
74.1
96.6
89.5
96.3
100.9
95.3
101.3
95.8
94.9
100.3
89.6
83.6
84.9
92.4
91.7
98.4
99.1
93.7
102.1
101.6
96.7
101.1
88.1
81.8
77.8
92.1
85.3
99.3
101.5
99.3
102.9
102.6
103.4
99.1
90.7
85.9
H01: P2041
H02: Mining: Production and sales
H03: FMP21000
H04: Physical volume of mining production
H05: Coal
H06:  
H16: Actual indices
H17: Index
H18: 2019=100
H23: RELEASE: 2026 01
H24: START: 2003 01
H25: Monthly
84.3
80.8
85.6
87.4
99.2
87.4
97.8
94.3
98.5
104.4
95
85
91.2
89.8
97.1
86.3
98.5
98.5
99.9
98.5
97.1
99.9
97.4
86.7
86.9
85
88.7
94.5
99.1
95.6
99.1
100.8
99.8
101
98.2
87.2
84.9
84.6
93.6
85.4
100.2
97.5
102
97.8
95.1
106.9
102.9
84
98
91.3
97.4
86.2
104
95
98.1
100.8
94.2
98.1
99.4
85.6
84.3
98
91.5
99.6
105.2
97.6
105.9
102.1
100.1
100.9
96.9
88.9
84.3
83.2
98.2
90.7
99
99.4
106.5
105.7
106.5
104.4
97.6
86.1
89
93.1
105.6
84.8
90.1
101
106.9
108.2
108.1
106.8
108.6
90.3
88.9
90.9
101.1
95.4
96.7
95.5
92.6
104.5
103
95.4
104.5
93.9
92.1
93.9
103.4
94.1
104.6
104.3
104.8
104.3
99.4
105.2
105.5
89.2
98.7
96.4
88
102.6
107
102.8
106.1
104.6
98.9
103.7
101.9
79.2
94.2
93.6
95.3
101.7
108.5
103.1
105.2
105.2
106.6
110.1
98.6
90.3
95.7
96.5
105.5
97.9
98.3
97.1
104
99.8
93.1
94
99
88.4
95.4
96.6
88.9
97.8
98.4
102.2
101.8
99.5
99.9
98.1
95.7
88.1
91.4
87.7
98.2
89.5
102.7
101.9
103.4
104
99.5
104.6
102.8
84.3
94.1
90.8
96
91.9
99.6
103.4
99.5
109.4
98.1
105.2
102.7
85
89.5
89.9
102.3
94.3
111.6
105.9
112.2
109.4
101.1
106.7
102
75
93.7
101.9
100.9
84.1
101.6
95
104.3
104.6
99.2
102.9
96.5
76.7
81.6
81.3
96.8
90.1
95.1
99
101.9
96.5
93.1
92.1
88.8
68.8
80.1
86.4
94.9
77.1
89.2
94.1
100.9
93.9
94.1
94.9
87
74
83.6
75.6
94.4
86.9
88
93.6
95.2
95.8
97.6
96.3
98.8
79.3
86
88.7
88.8
84.8
94.9
90.9
97.1
95.8
94.5
97.6
98.4
81.2
83.2
86.4
90.4
83.9
91.4
95.2
100.2
99.7
96.3
98
90.7
76.5
82.6
H01: P2041
H02: Mining: Production and sales
H03: FMP23010
H04: Physical volume of mining production
H05: Iron ore
H06:  
H16: Actual indices
H17: Index
H18: 2019=100
H23: RELEASE: 2026 01
H24: START: 2003 01
H25: Monthly
49.6
48.5
53
55
56.1
55.5
48.7
52.8
54.8
57.6
51.5
53.5
50.2
49.3
56.5
51.7
59.6
60.9
54.1
49.3
51.9
55.7
54.4
58.5
55.4
52.5
52.5
60.3
56.6
57.1
54.6
55.4
52.6
58.5
45.7
54
52.8
48.3
59.3
58.9
58.1
57.9
56.5
57.5
59.9
55.7
61.7
59
57.3
54.2
62.2
56.8
55.5
63.7
53.7
55.7
58.4
62.1
54.5
63.2
54.9
55.5
61.3
60.8
60.2
78.7
72.4
75.1
74.1
75.5
65.4
78
69.1
71.9
67.8
64.1
79.3
73.4
83.4
78.9
78
83.8
79.9
87
84.7
79.7
85.3
77.1
81
87.9
80.3
77.5
75.7
81.7
77.6
84.5
55.3
71.9
74.7
81.5
80.6
81.6
84.2
83.1
86.5
91.1
89.2
82.6
68.1
83.3
88.3
91.7
100.4
106.6
103.3
104.5
104.6
70.4
94.1
97
91.2
81.3
96.8
94
103.9
119.7
94.7
91.7
83.5
97.3
102.6
130.7
101.7
89.1
105.9
100.5
123.2
119.2
125.1
110.2
115.3
114.1
123.9
110.3
110
108.8
105.8
104.4
104
105.3
100.4
90.2
93.9
92.1
98.3
93.3
79.3
72.9
82.4
79.9
76.5
106.4
103.9
107.3
104.9
97.5
89.9
100.3
85.2
88.2
102.6
103.9
97.8
110.9
99.2
117.3
97.3
115.7
109.3
116.8
109.3
100.1
96
103.6
111.4
125
90.3
103.7
102.2
88.4
93.4
107.5
77.4
79.4
94.4
91.2
106.1
122.7
99
95.6
110.5
98.2
107.9
117.5
98.9
73.3
67
37.5
62.6
81.1
80.9
76.7
75.7
71.1
82.3
114.9
93.8
95.9
104
90.1
100.9
111.1
113.7
119.3
102
79.5
91.9
107.2
82.6
68.2
93.5
91.1
94
110.2
92.9
101.7
79.2
77.5
74.2
90.7
86.6
68.8
92.9
87.8
88.3
90.4
105.7
106.8
81.7
74.6
89.2
74.4
95.4
98.3
86.4
81.3
90.3
93.6
85.5
90.7
89.6
69.3
86
75.2
80.8
87.9
92.9
86.4
100.3
92.2
95.9
92.9
87.6
86.8
79.7
89.6
79.3
H01: P2041
H02: Mining: Production and sales
H03: FMP23020
H04: Physical volume of mining production
H05: Chromium
H06:  
H16: Actual indices
H17: Index
H18: 2019=100
H23: RELEASE: 2026 01
H24: START: 2003 01
H25: Monthly
37.2
40.2
39.2
40.9
42
42.6
44
46.1
44
45.2
44.1
36.8
38.6
38.9
34.4
40.9
45.8
47.4
48.2
45.7
44
45.8
47.2
44
44.9
47.6
42.5
46.4
46.3
32.6
49.3
42.4
42.4
41.8
43.6
30.1
33.2
36.6
36.4
34.8
39.7
40.3
43.6
46.5
45.4
50
51.2
46.5
49.3
50.9
56.1
51.5
57
59
57.4
58
55.9
55.5
56.1
50
51.4
57.2
54.2
61
59
57.6
61.3
60.8
60.7
60.9
53.6
20.8
15.2
19.8
40.6
34
44.6
39.1
43.4
44.3
47.8
50.7
49.6
41.6
47.8
50.6
55.1
60.2
64.4
66.9
65.5
63.9
69
70
68.8
56.4
53.2
57.1
62.1
66.4
73.8
73.5
71.5
74.8
72
70.8
70.6
60.7
57.7
61.9
57.5
59.5
71.8
70.5
69
67
57.3
59.8
77.1
59.9
60.5
72.6
75.3
75.4
78.4
81.9
79.3
82.9
82.7
86.9
82.1
72.3
63.7
71.5
73.8
80.8
82.7
78
78.3
85.5
86.5
88.7
90.2
74
73.1
77.9
88.4
88.2
91.9
98.3
91.1
93.1
100.2
96.5
96.6
68.3
61.9
83.2
76.9
79.6
80.6
86
85.3
87.3
97.8
92.2
89.5
79.1
75.6
82.6
98.7
93
97.4
103
101.7
105
99.8
101.5
91.6
82.9
87.1
96.8
102.9
98.6
106.3
108.2
111.3
101.9
106.3
111.7
106.8
75.1
80.1
94.6
98.4
99.6
106.3
106.5
102.2
103.9
101.5
110.7
108.4
87.6
86.5
90.2
73.1
12.3
53
60.1
69.2
86
93.4
85.7
103.7
83.4
84
95.8
100.1
109.8
110.2
115
117.5
115.3
110.8
108.8
99.8
81.8
91.4
105.8
114.1
108
114.6
114.4
116.6
118.8
107.6
105.5
114.2
87.1
91.5
98.2
109.7
103.3
110.7
116.2
114
122.3
120.8
121.4
125.8
103.4
96
119.7
126.8
125.4
133.6
131.7
141.2
152.6
141.7
135.9
145.3
107.3
93.4
113.2
134.4
127.8
138.9
145.6
146.4
149.2
146.5
154.4
146.3
126.3
128.2
H01: P2041
H02: Mining: Production and sales
H03: FMP23021
H04: Physical volume of mining production
H05: Copper
H06:  
H16: Actual indices
H17: Index
H18: 2019=100
H23: RELEASE: 2026 01
H24: START: 2003 01
H25: Monthly
266.1
177.4
236.2
217.6
255.8
235.1
203.2
217.6
220.7
241.3
238.2
223.8
215.5
210.4
188.7
175.3
191.8
207.3
188.7
175.3
182.5
186.7
174.3
194.9
200.8
187.7
202.9
198.2
212
191.1
220.4
232.6
94.3
203.2
239.7
190.5
164.7
140.1
162.7
180.6
227.9
265.8
230.9
228.7
230
223.4
216.1
233.8
214.2
199
204.3
229.4
223.1
222.2
224.7
235.6
225.1
229.4
227.5
237.5
160.1
157.2
217.3
208.9
198.5
214.1
177.4
175.5
166.2
142.6
206
197.4
193.4
186.5
217
188.1
190.4
213.2
202.1
162.7
146.6
95.8
170.3
156.6
154.1
142.8
131.1
147.3
158.4
150.3
151.6
150.4
176.6
178.4
196.2
174.4
159.4
164.9
185.5
174.6
189.6
190.9
174
144.4
129.7
143.5
188.1
196.4
145.9
144.4
197
149.1
162.4
155.6
156.3
70.4
50.7
62.6
144.1
158.2
151.5
144.8
150.4
165.3
155.4
152.6
163.1
137.5
145.4
184.3
162.7
134.1
173.3
147.9
152.9
154.3
143.9
146.9
137.2
153.1
137.6
164.4
141.1
145.7
164.4
136.9
163.4
143.5
137.9
115.2
147.3
146.3
161.8
174.1
153.1
124.2
92.4
127.4
100.6
127
102.4
56.6
102.8
162.5
162.4
154.8
152.2
150.1
127.3
116.8
123.8
123.8
91.3
107.8
130.2
130.4
157.9
151.2
111.4
125.7
88.1
75.3
91.1
89.7
92.7
103.1
75.4
50.1
87.4
116.7
115.1
87.1
124.1
107
113.4
127.8
128.2
61.3
57.5
138.3
96.5
68.2
99.8
77.9
101.4
83.7
68.6
7.4
44.5
48.8
69.5
85.5
76.6
91.6
100.1
98.2
81.4
77.7
110.8
105.5
110.1
107
107.9
112.4
78.6
89.8
95.8
91.5
74.5
81.6
87.7
87.4
79.2
120.3
91.4
82.9
107.4
103.9
98.4
109.5
69.9
47.3
102.7
102.1
94.8
81.8
103.1
114.3
106.5
104.9
109.4
106.3
84.8
76.3
105.4
100.4
83.3
110.6
85.6
124
123.4
120.3
96.2
107.9
97.2
83.4
108.8
90.9
85.5
76.8
79.9
99.6
99.4
113.7
104.1
106.3
76.1
H01: P2041
H02: Mining: Production and sales
H03: FMP23022
H04: Physical volume of mining production
H05: Manganese ore
H06:  
H16: Actual indices
H17: Index
H18: 2019=100
H23: RELEASE: 2026 01
H24: START: 2003 01
H25: Monthly
17.8
19.3
19
20.4
19.1
22.5
20.3
19.7
18.5
19.3
21.1
22.8
20.7
24.3
21.5
24.3
24.6
27
23.5
26.5
24.1
25
25.9
28.9
28.4
31
26.2
26.7
29.1
29.5
26.5
24.1
23.9
20.4
30.3
29.5
28
28.3
28
32.4
31.6
31.7
30.4
27.9
32.9
32.5
32.9
31.7
30
31.6
39.3
34.2
34.2
43.4
31.4
37.4
32.8
35.1
36.2
37.7
33.1
37.8
37.8
39.3
42.1
46.3
43.2
45.7
44.9
38.9
36.2
35.2
19.9
20.4
23.6
19
21.9
34.8
28.2
21.4
31.1
29.6
34.7
38.6
34.9
34.7
35.9
38
41.9
45
37.8
46.5
41
53
51.1
46.6
35.8
41
44.1
58.5
63.7
60.9
39.7
56.6
54.6
52.8
48.7
54.4
46.2
52.7
49.1
47.3
56.7
57.3
52.2
63
47
49.4
53.9
57.1
52.7
52.9
51.6
60.4
73.6
61.9
60.6
65
66.6
59.3
64.1
69.6
51.3
73.3
69.8
74.2
75.6
75.1
72.4
74.1
66.9
73.7
66.3
76
66.4
75.7
74.8
66.5
69.5
71.1
70
58.2
63.1
68.8
46.2
48.6
34.7
47.1
57.3
58.3
63.6
75.3
60.4
67.8
63.3
71.5
83.2
80.2
70.7
74.6
92.8
85.3
101.6
99.6
76.1
87.5
89.3
90.5
83.3
82.9
75.1
92
83.7
83
78.1
88.5
82
86.8
102.8
107.5
91.9
81.6
89.9
76.7
88.6
92.7
106.6
111.6
95.8
116.5
98.1
118.5
125
79.9
74.6
84.5
85
38.1
85.8
103.2
98
119.3
112.3
127.9
106.1
108.5
92.2
104
113.2
128.4
127.2
123.2
112.2
104.1
126
120.1
102.7
92.3
112.1
102.7
93.1
115
108.9
122.6
125
128.6
113.7
108.1
119.5
98.9
109.8
100.6
123.3
112
119.1
126.4
110.6
118.5
109.2
117.4
112
85.9
83
103.5
115.7
105.7
131
135.6
142.7
140.2
125.7
115.2
113.7
89.5
113.6
111
120.5
105.4
121.2
118.3
135.6
137.3
118.3
131.4
132.7
125.7
127.8
H01: P2041
H02: Mining: Production and sales
H03: FMP23023
H04: Physical volume of mining production
H05: PGMs
H06:  
H16: Actual indices
H17: Index
H18: 2019=100
H23: RELEASE: 2026 01
H24: START: 2003 01
H25: Monthly
53.1
95.7
91
89.5
93.8
108.3
101.2
103.7
113.8
112.3
99.7
126.9
97.2
82.7
111.4
109.2
118.2
105.2
124.4
110.1
110.1
93.5
99.7
119.1
109.2
81.6
134.7
111.2
120.2
125.2
116.6
122.9
124.4
102.1
99
114.2
96.2
74.8
128.4
106.3
112.4
124.8
115.5
123.9
125.5
108.9
130
138.2
96.7
87.4
122.1
107.5
115.5
128.4
110.1
112.1
132.9
100.3
117.2
130.7
79.6
82.1
79.4
94.5
111
114.6
74.1
111.1
129
124.3
108.6
126
73.8
82.6
89
100
108.1
122.8
109.2
98.5
92.8
100.4
111.9
125.7
86.8
72.3
111.5
91.7
83.1
106
108.4
120.1
133.3
104.1
128.4
139.9
98.4
92.5
120.9
113.7
100.1
111.6
97.6
115.5
118.9
75.5
109
139
79.1
48.5
90.8
81.8
94.1
116.8
109
113.2
97.3
88.8
112.1
106.7
80.5
80.5
92.6
71
95.1
94.4
113.7
121.6
100.8
103.3
107.1
121.6
83.3
51.5
51.3
60.4
48.4
58.9
62.3
66.9
83
82.1
91.7
103.5
75.1
65.1
118.9
109.7
96.6
108.2
106.9
109
101.5
104
113.5
124.3
77.6
53.3
90.6
104.9
119
112.4
96.9
113.2
114.2
91.4
100.7
105.5
80.3
70.1
111.8
93.4
90.3
96.9
97
119.5
103.5
92.1
116.8
104.1
71
61.1
105.3
91
103.4
125.3
87.4
112
111.7
111.8
117.8
113.2
90.9
72.1
104.7
92.7
109.6
117.4
89.9
98.1
107.8
105.1
102.6
109
100.2
78.4
64.1
29.2
84.4
68.8
94.6
110.3
107.4
103.3
85.5
87.3
83.8
77.7
109.6
116
106.5
109.9
105.7
111.9
99.5
128
118
108.5
86.3
64.8
103.3
89.8
111
98.7
92.7
97.5
96.4
84.7
91.9
102.6
73.2
66.6
94
85.7
103.1
109.9
83.1
100
100.1
99
105.9
111.8
76.3
67.5
91.7
100
98.7
103.5
82.4
104.7
106.8
102.3
110
103.8
73.4
51.2
82.6
75.9
98.1
106.6
87.6
101.6
111
106.3
107.1
96.1
81.3
H01: P2041
H02: Mining: Production and sales
H03: FMP23029
H04: Physical volume of mining production
H05: Nickel
H06:  
H16: Actual indices
H17: Index
H18: 2019=100
H23: RELEASE: 2026 01
H24: START: 2003 01
H25: Monthly
77.5
88.7
86.2
77.2
105.5
104.5
106.8
102.1
90
88.7
104.1
96.4
88.7
90.6
79.2
95.7
93.6
96.4
86.6
99.1
89.6
83.6
83.6
113.8
107.8
93.9
104.7
86.2
112.8
94.9
93.4
110.5
92.2
88.7
96.5
88.4
76.6
88.5
100.8
96.5
89.3
118.7
94.4
92.7
97
98.2
99
100.8
81.5
81.8
88.7
89.6
84.2
89.9
87.9
75.9
84.9
87.2
97
86.5
68.1
66.2
75.4
64.4
78.1
67
67.2
78.6
92.1
66.6
69.4
81.2
48.3
59.3
75.4
98.9
95.5
79.2
85.2
91.5
73.4
82.3
83.2
83.2
99.5
94
102
79.3
84.4
93.1
81.8
99.2
89.6
90
91.7
98.5
101.1
101.1
99.2
109.4
93.9
97.4
106.7
99.1
98.9
58.4
107.6
123
100.4
72.8
98.2
109.5
115.2
121.2
102
112.3
105.5
111.9
112.9
106.4
100.7
91
111.6
115.9
122.7
117
117
130.8
117.5
129.1
131.7
128.6
127.7
105.6
120.5
143.7
123
134.8
123.2
143.2
123.2
127.9
117
127.3
118.8
103.2
138.5
117.1
124.3
143.6
117.5
144.8
130.7
134.2
144.2
148.3
125.3
120.2
115.5
122.8
112.5
106
101.5
115.3
111
114.6
101.7
105.9
98.2
98.9
111.6
120.9
106.8
116.3
107.3
120.9
123.9
96.4
118.9
117.8
86.5
76
96.8
100.5
101.9
110.3
79.6
102.9
99.4
104.9
111.5
123.2
104.9
91.5
109.1
93
102.9
95.8
94.6
103.3
90.8
104.4
95.1
114.8
102.6
60.1
55
11.7
78.4
76.4
98.8
101.1
110
107.6
84.4
77.6
92.3
65
78.7
81.4
69.4
68
69.7
67.4
72.1
74.7
73.6
67
70
44.9
65.2
65.7
81.8
74
71.8
69.2
70.6
68.5
62.9
56.9
49.1
38.9
62.6
73.5
75.1
73.9
60.1
70.6
76.9
79.9
86.4
74.4
62.3
53.4
72.4
70.9
72.4
70.8
67.7
89.4
93.7
73.1
78.6
66.8
69.4
52.3
72.3
55.4
86.2
81.3
61.6
69.9
83.4
95.8
81.1
85.3
66.4
H01: P2041
H02: Mining: Production and sales
H03: FMP23999
H04: Physical volume of mining production
H05: Other metallic minerals
H06:  
H16: Actual indices
H17: Index
H18: 2019=100
H23: RELEASE: 2026 01
H24: START: 2003 01
H25: Monthly
100.9
90.4
87.7
102.2
95.7
91.7
100.9
99.5
100.9
85.1
79
72.3
90.4
81.6
83.3
82.9
92.6
90.4
90.4
92.6
95.2
97.4
98.7
100.9
94.9
93.4
104.3
105.2
110.2
96.7
94.5
111.6
109.8
104.1
102.2
93
103.1
98.8
103.7
99.1
98
100.2
103.5
104.4
95.6
98.8
90.7
93.7
86.7
76.3
97
85.2
90.1
87
92.6
90.9
95.7
107.5
94.5
90.7
88.8
81.4
97.4
80.9
98.5
100.2
96.8
102.1
91.1
90.7
91.1
88.3
87.4
78.7
94.9
80.6
84
88.7
91.9
84.9
86.6
97.4
99.1
66.9
93.1
86.9
98.7
100.2
87.9
91.7
100.2
99.5
99.7
100.4
93.4
94.9
103.9
90.3
99.4
96.4
112.1
116.4
112.3
107.4
101.3
110.4
102.5
108.1
104.9
89.2
102.3
103.6
99.4
92
90.8
93.8
82.1
70.5
91.9
91.5
82.8
63.5
73
59.4
73.8
84
71.5
80.3
82.1
83.7
62.8
73.1
85.1
76
95.3
81.1
84.3
92.7
87.3
85.6
92
77.8
97.1
83.6
75.6
80.6
97.5
84
97.9
78.3
84.7
90.9
62.1
65
44.1
88.4
72.8
79
71.3
72.8
71.2
89.3
75
75.9
80
84.5
76
84.7
75.9
80.8
95.3
83.1
74.9
76.9
75.6
93.8
86.2
82.4
84.6
89.2
70.6
73
72.5
51.8
82.1
71
58.9
79.7
72.2
76.4
85.6
75.2
92.8
87.1
98.9
102.9
100.9
106.4
91.3
105.9
94.3
104.6
111.5
103.4
95.9
95.5
70.7
36.9
92.2
110.8
95
110.8
103.8
102.7
107.8
104.1
103
83.8
106.4
96.1
107.9
91.8
72.1
84.6
86.7
96.1
91.9
89.2
92.5
78.1
112.5
116.5
110.5
115.2
112.4
122.6
116.4
121.9
104.2
103.8
98.3
90.4
109.3
111.8
110.6
115
122.8
102.3
91.9
92.3
81.7
74.1
83.8
62.6
81.8
77.8
80.8
83.3
68.5
81.8
99
98.3
75.3
85.6
90.6
83.9
88.1
94.6
93.4
100.5
105
100.5
91.9
102.6
87.5
109.1
89.2
H01: P2041
H02: Mining: Production and sales
H03: FMP24000
H04: Physical volume of mining production
H05: Gold
H06:  
H16: Actual indices
H17: Index
H18: 2019=100
H23: RELEASE: 2026 01
H24: START: 2003 01
H25: Monthly
342.6
350.7
365.5
350.7
349
352.3
358.9
362.2
370.3
355.6
355.6
349
301.5
326.1
336
311.4
322.8
336
327.7
336
331
308.1
318
303.1
279.2
283.8
297.8
252
280.9
293.5
272
264.4
291.6
275.9
280.3
290.2
239.4
259.9
271.4
259.9
244.2
267.7
251.8
265.8
276.2
255.5
257.1
240.9
227.7
256
241.2
228
240.6
251.8
238.6
254.4
259
239.8
225.5
231.8
187.9
182.7
214
201.1
209.7
221.5
200.3
194.4
219.6
202.2
198.6
194.9
172
188.2
200.3
177.3
189.3
194.9
181.7
191.1
204
188.2
185.7
181.7
135.8
171.1
176.1
166.6
184.6
195.3
175.9
198.9
187.6
186
189.5
184.9
154.1
165.8
179
167.2
171.8
183.9
169.1
158.2
181.7
178.3
179.4
168.4
137.4
145.6
158.9
145.6
168.7
176.9
161.2
161.7
162.3
94.4
123.9
134.7
128
140.1
150.8
144.2
145.5
155.9
167
156.6
157.1
165.8
165
149
119.8
135
147
138.2
142.4
155.3
142.8
143.8
153.1
150.8
148.5
152.6
86.3
125.7
151.8
125.5
134.6
151.6
132.5
144.8
152.2
141.2
153.8
148.3
108.9
139.8
141.5
123.8
139
149.4
134.3
131.4
141.9
136.4
138.4
137.1
109.3
116.7
129.2
120.5
135.7
145.3
141.3
140.6
144.6
136
124.3
122.2
103
110.8
109.6
107.7
121
124.6
119.2
117.6
115.4
115.6
107.3
84.2
78.8
87.4
89.4
87.4
91.8
104.8
103.9
112.2
113.3
114.1
112.1
104.9
82.9
98.2
97.6
34.3
72.8
87.8
93.9
95.5
112.1
108.6
105
103.8
70.4
88.7
107.8
94.4
104
108.3
106
111.9
107
104.6
104.3
87.8
75.8
81.2
78.4
69.4
76
78.5
87.1
96.4
94.6
98.7
100.7
85.1
79.5
82.4
95
86.1
95.2
97.3
94.5
96.9
94.4
100.9
97.8
82
69.5
78.5
91
84.7
86.7
85
91.2
92.4
90.9
97.5
86.6
75.1
70.1
72.4
80.9
82.6
88
87.5
90.9
89.1
95.5
97.1
81.4
76.6
70.6
H01: P2041
H02: Mining: Production and sales
H03: FMP27000
H04: Physical volume of mining production
H05: Diamonds
H06:  
H16: Actual indices
H17: Index
H18: 2019=100
H23: RELEASE: 2026 01
H24: START: 2003 01
H25: Monthly
132.3
183.8
169.2
172.2
181.4
166.7
204.7
184.5
185.7
182.7
208.9
184.5
193
182
236.6
172.2
177.8
207.1
207.1
204.7
265.4
231.7
218.1
204.1
203.4
226
195.5
240.1
205.4
221.2
224.9
203.4
209.8
218.1
315.3
172.8
193.5
244.5
180.5
232.6
196.1
235.9
168.5
235.4
253.1
214.3
201.3
178.3
148.3
234.4
245
243.1
172
215
181.4
268.7
245.8
223.4
197.5
174
154.6
165.1
184.5
214.2
207.1
189.6
196.3
199.9
194.6
188.2
169.6
90.7
51.8
53.2
67.7
60.4
69.6
92.2
86.6
101
138.2
106.5
121.7
85
81.9
132.1
134.7
127.6
85.1
142.5
129.5
143.1
150.6
126.5
107.6
121.2
88.1
92.5
84.2
98.5
111.2
95.8
134.1
95.8
115.4
122.9
96.8
54.4
69
84.5
76.6
74.8
102.4
104.7
112.3
102.3
116.7
109.5
113.4
145.2
105.2
94.4
88.9
86.1
85
80.2
120.6
129.4
127.5
136.4
144
160.9
110.1
84.5
101.3
104
107.2
121.4
109.7
92.3
147.1
130.4
124
115.1
108.7
97.9
111.4
95.5
84.4
159.2
122.5
116.2
92.8
157
127.3
103.4
92.9
112.2
91.5
93.2
96.3
99.2
143.7
129
120.8
157.5
146
106
99
113.9
143.6
104.8
155.5
158
167.5
167.5
112.3
146.8
141.3
110
121.3
162.4
107.7
79.5
154
152.4
185.9
149.7
124.2
186.6
111.4
121.7
76.5
83.7
110.8
99
105.5
102.2
119.7
105.3
104.9
113.6
97
81.8
90.6
105.1
141
33
100
106.3
137
142
152.5
139.1
151.4
118.7
128.7
115.9
125.3
131.5
113.5
103.8
152.9
163.9
165
122.9
155.6
146.7
147.2
140.3
181.4
129.2
113
136.2
130.5
158.1
168.2
95
121.9
91.7
123.9
76.7
82.1
76
77.5
80.3
86.8
71.7
64.9
74.2
81.1
89.1
72.9
88
88.1
81.2
86.2
73.7
86.6
66.7
87.7
94.4
71.6
77
80.4
76.6
89
89.1
92.7
93.8
91.7
86.1
90.2
81.8
91.8
49
83.8
H01: P2041
H02: Mining: Production and sales
H03: FMP28888
H04: Physical volume of mining production
H05: Building materials
H06:  
H16: Actual indices
H17: Index
H18: 2019=100
H23: RELEASE: 2026 01
H24: START: 2003 01
H25: Monthly
58.6
62
68.1
65.3
68.7
69.6
74.7
73.3
82.7
80.6
76
65
68.7
73.3
92.2
82.7
87.6
87.2
93.1
92.5
94.9
90
97.4
72.4
74.2
85.2
88.4
89.8
91.5
100.6
94.8
98.2
97.4
93.8
101.5
67.4
68.9
88.4
102.7
90.6
109.8
104.2
105.9
106.1
113.7
111.7
110.3
78
84.7
103.3
115.6
100.1
122
108.4
117.3
120
107.2
112.9
119.6
78.3
84.1
111.2
98.4
115.5
110.4
106.2
114.9
112.1
105.9
118.5
105.4
75
70.4
85
94.5
84.4
93.8
91.5
102.7
96.4
102.6
101.9
93.8
67
65.8
86
105
85.1
96.1
88.7
93.1
95.7
96.7
92.4
92.1
58.8
57.6
82.4
91.5
77
87.1
88.6
87.2
94.9
100.5
99.3
100.9
61.5
63.3
87.6
94
83.3
99.5
92.1
94.6
96
88.1
94.8
107.3
66.1
73.5
95.7
92.1
96.5
108.1
97.8
112.1
99.3
96.5
119.5
115.7
66.9
74.4
96.2
88.5
97.9
102.4
104.3
112.6
100.7
109.5
120.6
105.4
66.8
74.5
101.2
109.1
96.3
107
106.1
113.3
109.5
110.9
120.8
116.8
65.9
73.1
98.8
96
102.4
114
115.4
116.1
115.5
124.2
120.3
128.3
78.2
74.3
92.5
116.7
96.1
119.4
119.8
118.3
118.9
114.5
117.7
123.6
73.2
77.1
97.8
100.9
98.8
111.3
105.6
111
112.9
101.3
122.2
119.2
83.3
81.4
94.9
105.1
93.1
109.9
109
114.1
107.9
104.9
112.4
102.7
64.7
74.2
87.8
80.7
21.5
55.7
85.8
100.7
103.7
100.4
107.3
123.2
97.4
81
92.4
103.8
94.3
105.4
102.7
104.1
102.7
107.9
97.6
106.4
73.9
67.5
92.7
98.6
77.7
97.1
99.2
99.1
103.7
102.3
101.1
101.2
65.9
68.6
79.5
106.7
86.8
97.4
90.6
87.8
98.6
89.2
96.7
99.1
67.1
61.3
88.7
89.4
87.7
99.4
87.8
95.1
97.2
88.9
105.8
101.7
61.9
65.1
80.1
87
78.6
96.9
90.4
107.4
100.2
104.8
111
104.5
63.8
62.4
H01: P2041
H02: Mining: Production and sales
H03: FMP28999
H04: Physical volume of mining production
H05: Other non-metallic minerals
H06:  
H16: Actual indices
H17: Index
H18: 2019=100
H23: RELEASE: 2026 01
H24: START: 2003 01
H25: Monthly
153.5
152.2
139.3
132.5
118.8
112.7
119.6
119.6
125
139.9
125.6
125.6
139.3
137.9
103.2
125.6
112.1
103.9
224.1
219.4
230.9
203
201
212.6
196.3
185
203.5
184.6
144.2
174.4
161.3
153.7
167.9
170.4
159.2
167.3
159.4
145.6
166.9
158
159
162.3
155.2
161.9
160.1
125.1
124.9
140.1
145.9
146.6
157.5
146.8
139.5
126.1
133.9
139.1
145.6
149.4
140.4
126.4
133.2
117.4
128
129.6
139.1
127
139.1
132.7
131.3
124.8
124.2
114.2
118
102
118.2
111.5
108.1
105.9
122
124.9
114.4
87.8
91.8
100.1
104.8
113.8
123.5
121.9
116.3
123.6
129.5
125.1
131.4
130.6
121.8
113.2
115.9
111.6
121.1
117
120.2
131.7
114
126.2
123.9
83
115
103.8
93.8
93.3
99.4
97.4
107.5
101
95.3
92.3
100.1
99.7
96.6
89.7
93.5
81.1
85.5
90
100.8
97.9
93.4
118.7
103.7
92.9
78.6
83.3
96.2
97.9
94
89.2
95.4
89.4
105.7
91.8
97.9
105.8
90.6
86.2
94.1
90.1
97.3
96.4
93.7
90.9
95.1
89
97.5
100.1
89.4
80.3
84
86.5
90.3
88.1
81.1
74.1
72
77.2
74.4
85.3
88.6
89
75.5
85.9
93.9
83.6
95.5
104.1
88
112.9
103.9
102.3
111.2
84.9
90.7
95.6
103.8
90.9
101.6
93.2
95.2
98.8
97.8
96.1
97.3
82.6
104.5
90.1
100.4
95.6
96.2
110.5
96.8
101.5
101.8
116.5
99
86.8
104.6
79.8
72.8
71.7
83.2
71.1
110.6
113.1
117
120.7
99.7
96.3
86.3
83.5
106.8
90.6
106.3
96.6
121.1
83.3
90.3
97.2
91.8
80.4
81
84.1
94.8
93.2
101.2
118.2
113.1
116.1
116.5
107.2
95.9
88.7
91.3
83.8
91.3
85.7
97
91.7
103.5
119
98.2
108.3
108.5
72.5
75.3
89.8
93.6
100.1
118.1
101.4
97.6
114.4
106.9
101.7
87.6
79.1
98.3
88
102.6
95
100.9
88.5
102.4
101.9
98.4
88.9
84
86.4
77
H01: P2041
H02: Mining: Production and sales
H03: FMS20000
H04: Physical volume of mining production
H05: Total, gold included
H06:  
H16: Seasonally adjusted indices
H17: Index
H18: 2019=100
H23: RELEASE: 2026 01
H24: START: 2003 01
H25: Monthly
94.7
115.5
98.3
106
106
106.1
109.1
106.5
109.1
113.8
108.3
113.7
112.1
111.1
109.2
110.4
112
108.1
118
111.3
111.6
107.6
109.3
113.5
121.4
114.5
116.9
113.4
113.9
112.7
112.4
111.2
108.8
109.5
110.6
106.9
111
107.8
110.8
111.8
109.7
113
110.4
111.8
110.6
111.2
113.9
110.1
115.3
114.8
112.9
111.1
110.3
109.8
106.9
109.3
109.5
107.4
107
107.6
102.3
105.9
97.4
105.5
109.3
104.9
99.5
104.7
107
109.2
99.7
100.1
93.6
94.8
93.2
97.2
98.6
99
102.6
95.7
94.5
98.1
97.9
97.9
102.6
101.5
104
98.2
91.6
99.6
101.5
104
104.5
102.5
105.3
105.2
102.8
104.2
104
109.4
99.4
99.1
95.7
99
102.1
91.8
100.8
103.9
99.7
95.9
98.6
98.7
102.1
104.2
102.3
100.8
95.9
83
96.3
94.6
106.7
102.5
98.4
96.6
101.1
99.7
103.4
102.3
96.2
102
101.4
103.5
109.2
98.7
93.4
99.7
96.3
95
97.7
94.3
101.6
102.4
100.9
101.2
102.2
104.6
114.3
107.3
98.1
102
101.5
98.8
96.9
99
101.4
102.8
97.3
97.5
96.5
98.2
99.2
101.1
99
100
103.1
96.9
97.3
100.8
100.7
100
108.1
101.5
100.6
101.4
103.1
107.9
101.3
101.4
103.7
100.9
102.5
104.2
102.1
95.9
101.1
105.5
96.6
101.3
100.2
103.7
100.8
98
98.7
96.9
98.4
98.8
102.5
102.9
98.7
98.3
100.9
102
101.9
99.3
105.5
103.7
81.8
47.9
79.8
78.7
92.4
95.1
98.4
96.8
92.8
98.5
96.5
101.1
103
108.9
100.2
100.2
102.7
100.8
98
101.1
99.5
98.4
97.2
91.4
95.7
93.1
94.5
93.8
95.2
93.8
92.7
90.1
88.5
91
94
87.1
94.3
96.3
92.3
93.8
92.6
93.2
91.6
93.3
96.4
91.8
92.2
95.7
92.9
95.7
93.1
92.1
90.1
93.6
97
93.3
95
90.2
90.4
88
90.8
90.9
94.3
94.3
95.6
94.7
96.7
99
93.9
92.4
95.1
H01: P2041
H02: Mining: Production and sales
H03: FMS20001
H04: Physical volume of mining production
H05: Total, gold excluded
H06:  
H16: Seasonally adjusted indices
H17: Index
H18: 2019=100
H23: RELEASE: 2026 01
H24: START: 2003 01
H25: Monthly
70.8
92.8
75.9
82.8
83.8
84.7
86.8
84.3
87.4
92.1
86.1
92.3
90.9
90
88.5
89.8
91.3
87.8
97.5
90.9
92.3
88.9
89.6
95
101.8
96.2
98.6
96.6
95.7
95
95.3
95.3
92
92.8
93.3
88.9
94.1
91.1
94.1
94.7
93.9
97.2
94.7
95.9
94.8
96
98.3
95.8
99.2
98.4
98.1
96.4
94.8
95.3
91.8
94.1
95
93.3
93.6
93.7
89.1
94.9
84.5
92.3
96
92.4
87
93.5
95.2
97.9
88.1
88.6
81
82.7
80.7
85.8
86.7
88.3
91.4
84.9
83.4
87.6
87.1
87.2
93.7
90.4
94.3
87.4
79.7
89
91.4
92.6
95.5
93
94.8
94.9
90.3
94.4
94.1
99.4
89.8
89.7
86.2
91.5
93.6
82.2
91.1
95.4
88.4
87.9
90.8
90.8
93.8
96.3
94.8
93.8
89.3
83.1
93.2
89.7
96.5
96.3
91.6
88.6
95.6
93.9
95.6
96
90.1
95.3
93.8
98.3
98.1
92.1
85.9
91.9
89.5
87.9
90.9
87.6
96
96.1
94.1
94
97.6
99.9
108.1
102.7
92.8
95.9
97
92.5
90.3
93.3
94.1
96
89
88.2
88.6
92.4
93.3
95.4
93.7
96.3
99
91.6
91.7
94.9
94.1
95.8
104
97.2
95.2
96.2
97.6
104.1
96.4
97.2
101.5
97.5
98.1
101.5
100.3
93
97.8
103.7
93.5
99.8
99.8
103.2
100.7
99.9
98.7
97.2
99.4
100.6
104
103.3
98.7
97.2
100.4
101.3
101.3
97.4
105.8
102.7
78.8
50.1
80.4
77.5
92.9
96.3
97.7
96.5
92.1
96.6
97.6
101.7
101.9
111
99.1
99.1
102.9
100.4
98
102.2
100.3
99.4
97.9
91.5
97.7
95.2
96.6
95.9
96.5
94.4
93.3
90.2
87.9
91
93.8
86.4
94.3
96.7
91.9
93.7
92.8
93.6
92.1
93.6
96.9
92.1
93.3
96.5
93.2
96.4
93.9
93.1
90.4
94.5
98.5
94.1
96.6
91.2
91.2
88.7
92
91.3
95.1
95.3
96.6
96
97.7
100.5
95.8
93.4
96.4
H01: P2041
H02: Mining: Production and sales
H03: FMS21000
H04: Physical volume of mining production
H05: Coal
H06:  
H16: Seasonally adjusted indices
H17: Index
H18: 2019=100
H23: RELEASE: 2026 01
H24: START: 2003 01
H25: Monthly
88.3
89.4
88
93.6
92.7
87.5
92.4
91.4
94.3
95.2
94.1
92.7
96.4
94.8
96.9
92.2
94.5
96.4
93.8
95.7
93.4
93.8
93.6
94.2
94.9
93.5
94.7
94.7
94.9
94
94.6
94.9
95.5
96.2
94.1
95
93.3
92.6
92.4
94.3
93.7
95.6
97.7
92.2
90.8
102.3
99
93.3
105.9
99.4
96.1
94.5
98.4
93.3
93.5
93.6
92.7
92.1
94.9
96
92.4
98.2
98.2
99.3
99.8
98.8
99.1
96.7
95.3
95.2
95.4
97.4
92.2
89.7
98
96.3
96.4
98.1
99.1
100.7
101.2
99.6
95.5
95.5
98.8
100.1
102.4
88.9
88.7
99.3
100.5
102.9
103.2
104.2
103.8
99.9
98.4
97.4
99.2
99.1
95
93.8
89.2
97.4
98.1
93.5
100.1
104.9
100.5
93.3
102
99.7
100.6
101.3
101.6
97.4
98.4
99.9
101.1
102.4
104.4
102.5
95.3
99
101.8
102.7
100.1
99
98.1
98.7
98.2
90.4
97.9
99.5
98.1
104.5
103.7
102.1
99.4
101.8
103.9
103.3
98.6
100.3
99.5
102.9
108.4
101.6
95.8
93.4
97.1
96.9
90.9
88.2
98.8
99.1
101.3
96.7
94.9
95.4
96.3
98.4
97
93.1
97.4
94.3
93.2
99
97.9
95.2
96.5
97.6
97.7
97
98.7
97
96.7
100.1
100.3
97.5
99.1
99.7
100.3
94.6
95
98
94
100.2
98.3
97.9
99.4
100.4
95.7
99.5
101.2
101.9
105.4
103.5
102.6
100.2
100.1
99.7
98.7
89.5
100.2
106.1
99.3
91.3
98.8
90.1
94.4
98.4
95.4
95.7
96
90.4
89.8
90.4
92.1
97.5
93.7
94
92.4
91
89.2
87.2
86.1
80.4
89
95.8
90.7
83.5
88.4
89.7
93.2
86.7
89.1
90.5
84
86.7
92.7
83.3
89.3
97.6
85.6
88.7
88.8
89.3
92
91.5
95.4
94.2
92.9
91
92.2
87
92.7
88.9
88.4
89.1
91.4
91
93.8
96.3
89.6
94.1
88.9
92
89.9
92.8
92.2
94.3
90.9
90.6
88.9
88
89.7
H01: P2041
H02: Mining: Production and sales
H03: FMS23010
H04: Physical volume of mining production
H05: Iron ore
H06:  
H16: Seasonally adjusted indices
H17: Index
H18: 2019=100
H23: RELEASE: 2026 01
H24: START: 2003 01
H25: Monthly
51.8
53
51.2
53.4
53.6
52.8
50.4
53.7
55.6
54.6
53.5
52.9
52.4
53.9
54.4
50.3
57.3
57.7
56
50.1
52.4
52.8
56.6
57.6
57.7
57.5
50.5
59.2
55.1
53.8
56.2
56.1
52.9
55.4
47.8
52.6
54.9
52.6
57.4
58.7
57.4
54.3
57.7
57.8
60
52.7
64.9
56.9
59.5
58.7
60.7
57.8
55.5
59.4
54.3
55.6
58.3
58.8
57.4
60.4
57.1
59.6
60.8
62.8
60.5
73.4
72.5
74.5
73.6
71.5
68.4
74.4
72.1
76.8
68.3
67
79.5
68.3
82.6
78
77.3
79.7
82.6
83.2
88.8
85.3
87.2
80.6
80.3
82.3
78.8
76.5
75
78.2
78.9
81.7
58
78.2
76.6
85.1
78.5
76.8
81.9
82.4
85.6
88.1
89.1
80.8
71.4
92
90.6
95.3
96.4
100.6
99.7
104.6
103.3
68.7
92.1
95.8
95.9
91.1
99.3
98
99
112.3
90.7
92
82.1
96
99.8
129.2
107.8
100.4
108.4
104.6
117.6
111
119.7
110
113.3
113.5
120.6
108.4
117.1
123.2
108.2
109.1
99.9
96.5
96.2
89.2
92.2
92.6
96.6
90.4
85.6
82.5
84.2
83.1
74.1
95.6
100.7
105.2
103
99.2
89.1
95.7
93.2
99.6
104.9
108.5
94.7
97.3
96.9
114.2
95.6
120.5
110.5
108.8
121
112.3
97.3
108.7
107.7
108
88.4
100
101.2
95.2
96.1
98
85.7
88.5
95.1
96.6
102
105
96.1
91.2
111
109.5
113.3
105.5
108.8
80.6
66.8
39.8
60.3
69.9
77.3
71.8
77.6
81.9
87.3
103.2
101.5
103.9
103.3
95.8
97.5
96.9
106.8
109.6
106.5
93.8
98.3
97.3
87.8
72.6
92.1
96.3
91.1
98.7
86.2
92
83.6
91.9
79.5
84.2
90.7
72.2
91.4
92
85.2
82.3
98.3
96.5
86.4
87.5
95.3
70.5
99.5
102.4
84.7
84.4
86.5
86.6
79.7
82.5
94.3
80
91.2
72.7
84.2
91.2
91.1
89.4
95
85.6
89.9
85.8
91.6
99
83.9
87.4
83
H01: P2041
H02: Mining: Production and sales
H03: FMS23020
H04: Physical volume of mining production
H05: Chromium
H06:  
H16: Seasonally adjusted indices
H17: Index
H18: 2019=100
H23: RELEASE: 2026 01
H24: START: 2003 01
H25: Monthly
40.2
41.4
40.9
42.1
41.5
41.3
40.6
43.6
43.2
43.3
43.2
41
41.9
40
35.2
42.1
46
45.3
44.6
43.1
44.3
43.6
45.4
48.9
49.7
49.1
43.3
48
45
32
45.2
40.4
41.3
41
42.2
33.6
35.9
37.7
36.8
36.7
38.7
38.5
41.4
44.3
43.9
47.3
51.1
51.6
54.3
52.6
56.9
54
54.9
56.5
53.4
55
54.6
52.7
54.5
57.6
57.4
58.5
56.2
62.5
56.1
55.7
58.4
57
57.6
57.3
53.2
23.7
17.2
20.9
41.2
35.5
41.4
36.9
41.5
42.6
45
47.8
48.9
47.8
54.4
53.9
56.9
60.5
61.2
62.5
63.1
59.6
66.5
65.2
66.6
64.8
63.5
61.2
64.4
66.4
68
70.1
68.2
70.2
67.3
67.9
67.7
70
67.9
67.3
59.5
60.2
67.3
65.1
66.2
62.5
54.6
56.3
73.3
70.2
72.7
78.5
76.8
74.8
74
77
77.2
77.6
77.8
81.5
78.1
82.4
76.7
77.4
77
80
79.4
73.2
76.3
79.2
79.7
82.3
87.8
85.5
88.2
84.5
89
89.7
88
91.2
87.9
89.2
91.8
89.4
94
79.3
73.7
91.1
77.8
79
77.5
81.9
81.1
82.5
89.6
86.7
86
92.4
89.6
89.4
99.2
94.4
94.5
95.1
99
99.6
92.5
92.8
90.2
96.2
104.3
104.2
103.6
100.1
102.6
100.1
104.4
96.3
101.6
103.9
101.8
90.2
95.7
101.1
97.8
99.9
101.6
100.5
96.4
98.3
97.9
104.1
102.5
102.8
102.8
97.3
72.6
12.7
50.1
55.8
64.9
82.3
89.4
81.5
98.7
99.6
98.6
101.9
100.2
110
107.6
106.9
110.7
106.1
108.9
103.4
92.9
97.6
110.5
113.1
113.9
108.8
109
109.4
108.3
109.4
102.4
104.1
106
104.4
107.3
105.3
108.8
106.5
106.8
108.2
108.9
111.9
114.9
116.3
119.8
122.5
114.2
130.1
124.5
127.4
128.5
125.2
132.5
139.5
136.5
130.9
135
127
111
122.3
136.2
130
134
138
137.7
134.8
138.7
147.4
138.6
150.7
153.3
H01: P2041
H02: Mining: Production and sales
H03: FMS23022
H04: Physical volume of mining production
H05: Manganese ore
H06:  
H16: Seasonally adjusted indices
H17: Index
H18: 2019=100
H23: RELEASE: 2026 01
H24: START: 2003 01
H25: Monthly
18
18.2
20.5
20.2
18.3
20.9
20.6
20
19.8
20.2
21.3
21.9
21
23.7
22.3
24.1
24.6
24
23.7
27
26.2
26.2
25.3
27.7
30.3
30
27.2
26.3
28.6
26.9
27.1
23.8
24.8
21.8
29.6
28.5
29.6
27.9
28.6
33.6
30.6
28
32
27.3
33.2
34
33
31.1
31.6
32.1
39.8
35.9
33.1
37.9
32.4
35.6
33.8
36
35.3
38.5
35.8
38.7
39.7
39.4
40.1
42.2
43.9
43.3
44.4
39.7
36.6
34.5
21.8
21.8
24.5
19.6
20.7
30.5
28.5
20.6
30.6
30.2
35.7
37.9
39.2
37.2
37.2
38
39.6
39.6
38
43.8
41.8
55.1
51.1
45.1
41.5
43.6
46.5
57.6
57.7
55.8
40.1
52.4
54.9
56.7
49
52.2
52.8
55.5
51.4
48.7
50.1
51
52.9
58.9
49.2
50.9
55.5
57.2
59.7
54.5
53.7
59.7
65.3
57.7
59.7
61.2
70.5
60.6
66.2
69
57.8
75.3
72.8
73.1
67.5
70.4
71.5
71.6
67.4
73.8
72.1
74.9
74.9
78.4
74.7
67.4
63.7
63.7
69.4
58.4
63.2
66.7
50.1
48.8
39.6
50.3
55.9
57
59.4
68.7
61.1
65.7
62.6
69.5
85.7
81.9
82
81
90.6
87.8
93
87.7
80.4
83.9
87.4
83.5
87.3
87.4
85.6
102.6
83.3
86.2
70.7
76.9
85.8
81.5
104.7
95.3
93.2
90.9
103.4
86.3
91.2
92.2
95.7
101.4
97.2
107.2
100.7
105
125.2
89.5
84.9
95.6
89.5
38.7
78.1
90.9
97.1
113.2
110.6
113
111.5
123.4
105.3
116.6
116.5
127.6
120.6
108
107.7
96.1
128
110.1
103.4
107
130.2
114.3
94.2
114.2
102.3
111.1
118.3
116.3
112.8
104.9
119.3
116.5
123.4
110.3
121.7
118
111.2
112.3
105.3
107.3
107.2
115.1
114.5
103.1
90.2
114.1
113.2
109.3
122.9
125.5
129.5
125.6
130.4
112.5
111.5
108.9
122.9
120.1
120.9
110.3
113.2
110.3
123.1
124.1
117.7
128.6
136.3
149.2
138.3
H01: P2041
H02: Mining: Production and sales
H03: FMS23023
H04: Physical volume of mining production
H05: PGMs
H06:  
H16: Seasonally adjusted indices
H17: Index
H18: 2019=100
H23: RELEASE: 2026 01
H24: START: 2003 01
H25: Monthly
54.8
128.6
90.2
91.6
90
100.6
98.6
97.4
103.9
122.1
104
112.6
101.7
111.3
110
112
113.8
97.3
121.7
103.6
99.8
101.5
102.3
104.9
118.2
109.9
132.5
114.7
115.6
115.5
114.8
115.9
111.4
110.8
99.2
99.6
108.8
100.3
126.8
110.9
108.4
113.9
114.4
118.1
110.3
117.7
127.3
118.8
114.4
116.9
121.2
113.5
111.9
116.8
109.4
107.6
115.1
108.4
111.9
110.8
97.1
108.9
79.1
100.7
109.5
104.2
74.2
107.2
110.1
134.9
101
105.5
91.4
109.4
88.9
107.6
108.3
112.4
109
93.9
79.5
110
101.8
105.1
107
95.8
112
98.7
84.6
98
106.9
112.1
116.5
114
115.4
117.6
119.1
124.4
121.8
122.3
102.8
104
94.6
105.5
107
81.9
97.6
118.2
94.7
66.4
90.5
86.3
97.5
109.9
104.8
102.4
90.2
94.5
100.2
90.9
96.6
112.7
91.8
73.7
98.5
88.3
108.9
109.7
95.1
108.1
96.8
104.5
101.2
73.1
50.1
61.3
50.1
55.3
59.8
60.3
78.9
84.3
83.8
89.3
92.7
94
114.1
110.5
99.2
100.5
104.8
98.7
95.5
105.4
104.6
108.8
96.6
77.6
84.8
105.4
121.2
103.5
98.1
103.2
106.4
91.5
92.6
93.4
99.8
101.8
104.4
95.2
90.9
87.7
100.7
109
95.5
91.6
107.6
94
87
87.2
98.3
94.6
103.1
113.7
91.1
101.9
103.6
109.1
108.3
103.7
109.9
101.9
98.8
98.3
107.1
106.8
93.5
89.6
100.5
101.3
94.8
100.8
119.9
109.9
60.8
31.3
80.7
62.9
98
102
101.4
98.4
78.9
80.1
100
108.6
105.7
124.9
100.3
100.9
109.6
103.5
93.8
121.9
108.9
98.3
103.5
90.3
101.1
97.4
103.9
90.6
96.9
90.3
90.3
80.2
84.1
91.6
88.7
94.2
93.4
93.6
96.1
100.3
88
92.3
92.4
93.8
96.2
98.8
93
96.6
92.7
110.1
91.8
93
88.7
97.1
97.2
96.5
99.6
90.9
89.3
73.9
84.7
83.9
92.1
95.3
94.9
93.9
99.7
100.1
96.8
84.1
98.8
H01: P2041
H02: Mining: Production and sales
H03: FMS24000
H04: Physical volume of mining production
H05: Gold
H06:  
H16: Seasonally adjusted indices
H17: Index
H18: 2019=100
H23: RELEASE: 2026 01
H24: START: 2003 01
H25: Monthly
377.5
365.4
362.2
367.1
355.5
342
358.5
347.8
348
352.3
345.1
345.1
332.5
339.8
333.4
326.2
328.6
326
327.9
322.2
310.1
304.7
309.5
299.3
309.5
295.9
295.8
264.5
285.2
283.5
273.4
253.1
271.6
272.3
273.9
286.7
266.6
271.3
269.5
273.8
247.1
257.4
254.6
254.4
255.2
251.1
252.2
237.9
256.3
267.5
239.5
241.1
242.2
240.5
242.7
243.8
238.1
234.7
221.3
228.8
213.2
191.5
212.6
213.4
210.2
210.6
204.3
186.9
201.8
196.5
193.9
191.8
197.4
198.2
199.2
188.9
189
183.9
185.3
184.8
188.9
181.9
179.3
178.3
157
181.1
175.1
178.1
184.6
183.3
179
193.5
175.6
178.3
180.1
180.8
180
176.4
178.2
178.9
172.4
171.6
171.5
154.8
172.2
169.7
168.4
163.6
161.5
155.8
158.4
155.8
170.6
164.5
163.1
158.6
154.5
89.4
115.3
130.1
151.4
151.1
150.5
155
147.5
144.1
168.4
153.9
149.3
156.9
153.3
143.1
142.3
146.5
147
149.6
144.6
143.2
143.3
141
144.1
142.8
138.4
146.7
102.8
137.1
152.6
137
135.9
139.5
131.9
141.3
141.9
133.7
144.8
142.9
129.4
152.9
143.5
136.1
139.8
137.7
132.4
126.8
131.2
129
131.5
133.5
129.8
127.4
132.5
133.5
135.7
134.2
138
134.2
133.1
128.2
119.1
120.1
122.4
120.6
113.1
119.8
121.1
115.7
115.6
110.6
106
108.3
103
84
94.1
94.8
92.2
97.2
92.1
98.2
100.3
104.1
104.1
106.3
107.3
106.3
99.3
107
99.9
38
73.3
83
90.6
87.6
103.4
100.5
99.4
107.2
84.6
97.3
109.1
104
104.9
103.3
102.3
102.2
99
96
97.9
92.3
91.1
90.3
78.4
75.6
76.4
75.7
83.8
88.4
87.8
89.5
94.1
91.2
95.3
92.8
94.4
92.6
95.2
94.7
90.6
89.4
87.7
90.5
91.7
89
82.9
89.2
90.3
90.1
86.2
83.1
87.1
86
84.4
86.6
81.5
82.1
83.5
82.5
80.4
87.2
87.1
85.7
86.6
83.4
88.4
85.8
77.3
83.7
84.2
H01: P2041
H02: Mining: Production and sales
H03: FMS28888
H04: Physical volume of mining production
H05: Building materials
H06:  
H16: Seasonally adjusted indices
H17: Index
H18: 2019=100
H23: RELEASE: 2026 01
H24: START: 2003 01
H25: Monthly
68.1
66
66.2
67.4
65.3
68.9
68.1
69.8
77.5
73.5
71.7
83.6
83.4
79
85.6
84.6
85.6
84.7
86.3
87.1
87.1
86.9
88.4
91.3
94.4
89.9
88.9
87.4
87.3
96.9
89.7
89.6
89.4
90.9
91.2
88.5
87.5
92.7
93.8
98.9
101.4
100.5
100.8
96
107.5
105.1
98
105.4
106.9
107.7
109.9
106.8
111.7
108.2
109.6
106.1
103.8
101.9
106.2
108.1
108
113.9
104.6
111.9
102.9
106.2
104.2
104.8
98
103.5
99.2
100.2
93.8
87.9
90.6
88
89.3
90.4
92
91.1
93.5
91.2
85.6
90.5
90.6
88.7
97.6
89.2
92.5
86.4
86.9
89.4
86.8
83.5
82.5
79.4
80.7
84.7
84.7
83.6
82.2
84.8
83.2
87.2
90.1
89.6
88.8
87.6
87.3
88.3
88.7
91.1
91.2
90.2
89.2
87.4
83.8
80.7
92.7
98.4
98.4
97.7
97
96.5
97.6
97.7
102.2
94.6
89.6
100.8
102.6
97.9
98
98.5
87.2
105.7
96
100.7
101.6
98.3
100.7
100
95.7
94.8
102.1
104.5
106
103.2
102.3
100.7
99.6
107.6
101.3
104.3
103.4
92.5
102.5
102.7
98.1
104.7
108
106.6
107.8
107.3
112.5
107.8
111.6
111.3
102.9
97.8
108
110.1
109.5
109.8
110.4
109
107.5
104.3
107.1
105.5
102.9
104.7
105.3
101.7
101.1
99.3
101.5
100.9
98.1
106.4
103.9
120.2
107.2
102.2
103.3
103.4
97.6
105.2
101.5
99.4
98.9
98.4
93.1
90.9
95.1
96.7
78.1
23.4
52.4
80.1
88.3
98
92.6
96.1
112.6
132
109.8
98.8
96.9
103.3
100
95.8
95.5
94.6
98.5
89.3
96.1
98.2
92.5
98.6
91.1
87.8
90.4
92.9
93.6
92.5
93.2
93
89.7
90.9
93.2
84.1
96.3
101.1
88.5
85.8
83.8
87.5
84
86.4
85.9
95
82.1
93
92.6
90.4
88.9
89
86.4
87.9
83.8
90.8
90
87.5
86.3
84.6
83.7
87.1
90.1
89.6
97.2
92.8
97.9
93.1
94.3
87.9
86.5
H01: P2041
H02: Mining: Production and sales
H03: FMS28999
H04: Physical volume of mining production
H05: Other non-metallic minerals
H06:  
H16: Seasonally adjusted indices
H17: Index
H18: 2019=100
H23: RELEASE: 2026 01
H24: START: 2003 01
H25: Monthly
145.3
154.7
135.9
131
120.1
122.1
118.4
123.3
125.3
131.9
127.3
126.7
130
143.2
101.5
120.5
118.6
110.6
221.4
227.5
215.6
201.4
206.5
207
193.2
190.5
189.9
183.5
155
174.7
168.9
155.8
160.2
166.6
161.4
161.2
162.6
151.4
159.3
156.4
166.4
166.4
157.3
154.2
157.1
125.5
118.8
146
147.8
154.2
148.7
150.4
136.5
132.3
137.4
133.2
141.3
147.2
136.5
131.2
129.1
127.5
127.5
131.8
135.8
133.9
131.5
132
129.2
117.4
122.8
121.5
116.1
108.3
122.1
107.8
111.9
109.1
117.4
120.3
111.6
80.9
92.6
101.6
111.4
121.7
126.7
121.7
116.9
124.6
123.1
122.9
120.6
127.8
121.6
118
121.6
120
118.3
121
123
123.7
116.5
122
116.2
79
114.6
107.1
101
100.6
97.4
102.3
101.5
100.4
98.5
86.7
95.1
95
93.8
98
93.4
87
89.1
93.8
96.5
96.6
95.3
111.2
100.1
83.3
78.9
93.9
97.8
104
95.1
92.9
89.6
90.8
102.2
92.6
93.3
96.8
89.5
96.5
94.4
94.3
99.7
95.7
94.4
92.1
93.5
88.3
92.4
90.1
89.7
85.7
90.1
90.6
84.9
93.6
82.8
70.4
74.2
77
68.6
80.4
86.6
96
81.4
89.5
89.6
88.3
95.7
102.3
88.6
105.9
99.1
98.5
102.2
97.8
96.4
101.5
97.3
99
95.6
94.7
97.5
93.5
92.6
90
92
93.2
105.8
98
101.1
103.6
91.3
111.1
96
93.4
98.6
102.4
97.8
100.5
108.5
87.6
74.2
72.9
82.4
72.3
103.6
107.5
111.7
105.4
101
104.6
95.1
94.7
108.5
94.4
101.7
97.2
110.5
79.5
81
90.9
93.6
90.4
88.3
96.3
91.6
99.8
98.2
112.1
109.3
106.4
107.3
99
97.9
100
103.3
95.6
90.4
90
91.9
89.1
97.7
101.5
92.6
104.2
106
88.5
83.9
97.2
97.4
105.5
108
101.2
92.4
96.8
101.8
91.5
91.7
98
106.2
99.5
104.5
98.2
90.6
90.8
91.9
91.9
92
82.2
87.8
104.9
82.4
H01: P2041
H02: Mining: Production and sales
H03: MVK20000
H04: Mineral sales according to mining divisions, mineral groups and minerals
H05: Total, gold included
H06:  
H16: Actual value
H17: R million
H18:  
H23: RELEASE: 2026 01
H24: START: 2003 01
H25: Monthly
9868.8
10236.5
9829.3
9294.1
9104.1
9745.9
10403.7
9612
10008.1
9989.4
9535.8
9899.2
9820.5
9576.1
10396
9789.3
10373.3
10856
10844.2
9841.7
11693.2
10466.3
10815.6
10585.6
9587.4
9383.8
11477.1
11034
12239.8
13360.1
12001.8
11687.6
13524.1
12074.8
12453.2
13994.2
11755.1
12680.8
14179.9
13042.6
14046.8
17809.8
17614.8
17339.2
20586.6
18031
18918.2
17584.7
15692.9
17928.6
18555.2
17447.8
19841.6
19033.2
17449.4
17890.4
19619.7
18713.7
20674.4
21590.8
17442.2
21737.4
25894.1
25520.6
26737.6
29881
27164.7
27064.3
27830.7
27191.4
23991
20259.5
17263.9
19906.3
22093.9
20733.6
18463.5
20337.3
20019.7
20144
20737.7
19909.8
20128.7
21626.2
19185.1
20408.4
23860.1
23551.4
25535.2
25882.9
25588.6
25897.8
27994.7
27535.5
27114.9
27737.9
25341.3
27573.2
31547.4
27370.2
27870.5
33940.1
27947.7
30300.9
35700.1
33393.7
35268.1
34027.5
28079.4
29335.5
30912
26772.5
31257
33958.2
30899
31402.3
30367
28258.6
29921.3
32954.5
28977.1
30361.5
34761.4
31865.2
30402.1
35088.5
32847.9
35523.4
34731
34544.7
34122.6
34452.5
32608.8
35488.2
35172.2
31647.7
30932.4
31630.8
31517.7
32124.1
35345.8
34101.5
32274.1
33434.3
27714.6
30712
34751.6
32675.8
32812.7
35668.4
30620.3
31313.7
33416.7
33004.9
30901
34055
25021.7
30250.9
35051
36202.7
36489.3
43040.2
33169.6
36902.6
47602.2
35817
36800.3
41242
37903.7
33691.7
39473.2
34917.1
36288.4
40672
37150.3
40890.3
44264.9
43966.4
42104.9
42562.3
34420.4
34892.7
39778.5
37039.5
41684.6
45024.3
37118.1
43022.2
43017.4
45802.3
46680.3
50020.5
41070.7
38202.9
45585.3
44538.7
46519.8
48295.2
43596
47069.2
50009.3
50051.2
50450.7
47491.9
51128.5
45135.2
51606.4
31064.5
40521.7
41962.5
48588.4
56868
63394
66165.3
58255.9
58501.2
63518.6
56927.3
78213.1
78533.6
75976.9
82049.6
73935.4
77095.1
65086.8
69099.3
72147.3
64696.9
59050.2
61698.4
83573.6
80279.4
89818.5
77693.5
76368.5
80551.6
78856.7
70397.8
60931.6
64521
63640.8
57573.5
71667.9
60098.5
79471.8
66609.1
57344.8
67474.6
63315.9
70071.2
67144.9
70216.5
67356
56147.4
61535.8
67633.1
64369.6
78628.2
71883.4
59717
68323.5
70635.6
72774.3
63673.5
62034.4
49630.6
63292.8
68082.3
76849.6
67600.1
73544.5
73356.8
79521.8
80239.3
72712.7
94212.9
81713.5
H01: P2041
H02: Mining: Production and sales
H03: MVK20001
H04: Mineral sales according to mining divisions, mineral groups and minerals
H05: Total, gold excluded
H06:  
H16: Actual value
H17: R million
H18:  
H23: RELEASE: 2026 01
H24: START: 2003 01
H25: Monthly
6744.1
7452.6
7140.7
6815.2
6477.2
6759.5
7613.1
7052.7
7092.3
7345.5
7154.9
6825.9
7480.6
7039.8
7710.4
7366.5
8029.3
8107.4
8699
7546.9
9114.1
8089
8406.4
8138.7
7809.6
7813.9
8840.3
8963.2
10372.9
10562
10082.3
10210.5
11390.1
10186
10436.1
11549.8
9316
10469.6
11403.2
10850.3
11445
14217.3
14114.1
14152.3
16333.3
14646.2
15781.8
14455.8
12734.4
14498.1
14955.5
14595.8
16150.6
15745.9
14154.8
14647.2
16531.7
15351.6
17188.8
18846.7
14526.9
18341.8
21803.3
21859.1
22997.9
25899.7
23030.9
23966.6
23984.1
22715.2
19891.9
15704.9
14787.4
15240.7
17249.9
16836.3
14597.4
16356.8
15991.1
16266.8
16677.5
15598.6
15675.2
17391.2
16487.8
16586.6
20114.9
19449.9
21039.6
20879.5
20768.9
21024.7
22823.7
22881.5
22173.5
22968.6
21431.6
23146.8
26346.1
22719.8
23136.4
28584.6
22567.5
24816.9
27917.4
26499.3
27216.3
27006.6
22796.1
22596
24643.5
21128.8
23946.9
26304.9
24080.8
24045.9
23739.5
23224
23724.6
27061.7
23051
24238.1
28288.4
25686.1
24891.6
29284.1
26839
29764.4
29179.2
28364.3
28819.8
29285
28190.7
30125.6
29592.1
26155.1
26035
26331.7
25688.7
26840.8
29923.8
28252.9
27661.7
28130.7
24101.2
26416.9
29031.6
27768.4
27890.4
29731
25864.5
26333.2
28450.1
26150
25424.6
27784.8
22485.4
25032.3
27046.3
25278.9
30925.8
33919.3
24027.4
28468.9
31696.2
30955.4
33201.8
36127.1
28663.7
29414.3
34111.4
29284.1
30086.6
33515.7
29887
34004.9
35667.1
35176.9
36430.1
35456
27923.6
30423
34969.9
31091.7
34813.4
38786.3
30475.2
36765.7
39058.7
38827.3
41792.9
43889.6
34078
34802
40625.5
39112.4
41973.4
42438
35705.4
39631.8
42292.6
42501.9
42436.3
40651.2
43505.1
38880.7
45564.2
26135.3
33313.1
38740.2
39690.4
48868.1
56945.7
53705.4
51382.9
50024.5
50496.9
50637.1
68468.5
71586.4
72511.6
70132.3
65596.1
64897.2
59798.5
61365.8
61169.8
58410.1
52329.4
58241
74934.1
74071.1
80633.8
72264.9
68194.7
70851
67095.2
60754.6
55981.9
58818.8
55021.8
52797.3
64833.3
56726.1
63693.3
56577.3
47924
55821.6
55682.4
54931.2
58984.6
57232.7
48967.7
50178.2
52677.1
56622.8
59504.4
58780.4
51390.9
57448.7
57460.8
54871.3
56994.2
55149.1
47529.8
45612.2
53203.2
50732.6
55506.4
58416
54836.6
60394.5
62097.6
63751.2
61330.2
62673.7
61995.6
H01: P2041
H02: Mining: Production and sales
H03: MVK21000
H04: Mineral sales according to mining divisions, mineral groups and minerals
H05: Coal
H06:  
H16: Actual value
H17: R million
H18:  
H23: RELEASE: 2026 01
H24: START: 2003 01
H25: Monthly
2054
2214.1
2202.9
2244.8
2316.1
2040.3
2426.6
2294.8
2242.9
2247.5
2067.4
2382.7
2183
2094.2
2208.8
2296.8
2282.4
2484.4
2279.2
2563.3
2434.8
2402.6
2507.2
2321.6
2603.1
2482.8
2739
2883.8
3010.4
3019.5
2943
3171.3
3069.2
3191.7
3339.3
3156.4
2878.3
2760
2722.1
2729.4
2842
3072.9
3320.8
3227.7
3521.6
3458.9
3761.9
3540.2
2860.3
3729.3
3433.2
3615.2
3309
3492.4
3624.5
3598.4
4068.9
3824.7
3999.3
4256.7
3531.2
5418.3
5151.1
5630.9
5588.1
6690.7
5910.2
7375.6
6873
7394.8
7002.7
6327.8
5346.1
6000
5615.7
5323.5
4549.9
5373.2
5616.6
5583.7
4975.7
5812
5618.7
5589.6
5477.7
5147.2
6069.4
5157.3
5467.3
5577
6980.4
5924.5
6032.7
6905.1
6303.2
6137.8
6093
6482.7
7434.6
6762.3
5891
6729
6652.3
8488.9
7606.1
8781.7
8431.8
8448.7
8157.8
7901.8
8442.8
7814.9
7077.8
7992.6
8439
8329.3
7339.3
8042.2
8506.9
8274.3
7370.5
7935.4
8790.5
8758.9
7236
8121.7
8999.5
8418.4
8226.4
9636.4
9045.1
8877.7
8804.4
7644.3
9256.5
8499.7
8227.2
8486.4
8626
9745.6
9438.1
9031.6
8794.6
9086.8
8136.4
8608.4
8715.2
8722.8
8142.6
8719.9
8759.7
8647
8563.2
8948.9
8614.2
9539.1
8491.4
8563.7
8605.9
8518.7
8761.4
9152.9
7993.1
9670.9
9969.8
10821.5
11099.8
10891.9
9817.4
9962.6
10651.6
9598.3
10253.5
9681.2
11153.6
11405.4
11105
12394.1
12434.9
11876.7
10969.5
11433.9
12158.4
10555.2
11934.4
11869.9
11013.9
12410
12281.2
13363
13721.3
14060.3
12461.6
11210.5
12432
11845.3
12811.2
11897
10609.1
11576.8
10725.5
12919
11844.6
11193.5
12450.7
11530.2
11291.3
10028.2
9955.5
10691.2
11099.4
10766.5
11194.1
11288.3
11336.8
10740.2
9060.6
10355.4
12023.7
11310.8
11277.3
12648.5
12015.6
13868.4
14576.6
17727.3
15463
14576.4
13938
17004
21982.3
21671.4
24773.3
22048.4
22278.8
25572.3
24052.2
20707.8
15914.1
17423.1
16807.7
15224.3
17037.5
16898.7
15631.7
16152.5
13554
16743.4
16420.2
16925.2
16834.9
15325.4
14754.6
14623.2
16403.2
15614.6
17425.5
17290.1
15406.6
17806.1
17413.9
18181.8
18330.2
17136
16877.9
15382.8
17587.5
14846.3
16646.7
16443
15042.9
17642.9
15771.2
17174.2
15587.1
15237.5
15131.8
H01: P2041
H02: Mining: Production and sales
H03: MVK23010
H04: Mineral sales according to mining divisions, mineral groups and minerals
H05: Iron ore
H06:  
H16: Actual value
H17: R million
H18:  
H23: RELEASE: 2026 01
H24: START: 2003 01
H25: Monthly
308.1
397.1
383.4
316.5
335.2
426.7
351.9
292.7
361.1
346.3
333.7
338.3
332.2
317.9
372.4
327.9
415.8
405.3
360.6
371.8
394
396.1
396.7
494.8
333.1
453.1
375
568.1
724.3
668.7
458.9
769.5
691.2
733.3
761.6
982.8
520.5
775.1
855.3
690.9
639.3
954.5
895.7
934
875.2
763.8
1162.5
864.5
1267.1
1044.9
1212.2
867.1
988.2
1052.2
1101.9
898.7
974.8
1161.4
1386.5
1528.2
1396.7
1427.7
1574.4
1800
1825.7
1436.3
1646.9
1355.6
2580.9
2397.5
2490.4
2309.6
2462.1
2702.6
2616.5
2661.2
2276.1
2087.9
2329.9
2561
1870.9
2334.2
1316.3
1912.9
2107
2006.9
3299.8
4301.6
3701.4
4025.5
3605.8
2713.2
3982.4
4673
4568.4
4433.6
4715.5
4036.3
5567.3
4995
4907.7
6444.6
5716
3585.5
6205.4
5518.7
5396.1
5065.2
4446.6
3686.7
4747.8
4860
5226.8
5601.6
4691
3260.7
4138.2
4038.8
3389
4555.5
5200.1
4091.3
5379.9
4875.3
5205
5261.9
4996.5
5486
5490.5
5442.1
5432.3
6226.7
5280.4
6246.8
5891
5712.3
4904.2
5151.6
4506.8
3226.5
4428.9
4645.9
4573.5
4131.3
4394.8
3934.5
3592.3
3416.4
3095.5
3864.1
2896
2658.1
3436.8
2371.8
2765.4
3039.4
2725.6
2687.9
3686.8
3755.3
3544.8
3379.6
3683.2
4012.1
3105.8
3179.4
4332.2
5006.3
4448.9
4734.9
5149.6
3389.3
3205.8
3244.8
3715
4571.7
4378.6
4513.7
3979
4229.2
3246.7
4393.8
3771.4
3871.5
3807.6
3494.5
3215.1
4609.2
4121.3
4124.2
6645.8
5960.7
4581.2
5331.6
5679.2
7037.6
6418.3
6150.8
6998.9
6125.3
5164.5
4556.6
6032
6595.5
6544.4
6607.4
7264.1
5202.6
5659.2
5978.9
6793.8
8408.8
9562.2
5876.3
7897.4
10778.3
10459.1
9886.9
11752
11409.7
12374.6
12427.6
11891.8
9842.9
9395.6
7471.4
6751.2
7483.2
7684.1
8390.6
8699.9
9325.8
11696.5
9195.4
7947.1
6474.1
7634.9
4747.2
4367.2
6838.5
8270.8
7787
9815
8476.3
8155.2
7672.5
8091.6
8298.5
7035.2
7146.6
10548.5
10966.6
8932
9380.3
7181.1
9251.5
8121.8
6921.8
5553
8787.9
7142.3
5232.2
7560.1
7362.3
7622.1
6609.6
8340.1
6860.4
7265.8
6967.4
6678.9
7543.3
7046.1
5291
6314
6953.1
6711.3
H01: P2041
H02: Mining: Production and sales
H03: MVK23020
H04: Mineral sales according to mining divisions, mineral groups and minerals
H05: Chromium
H06:  
H16: Actual value
H17: R million
H18:  
H23: RELEASE: 2026 01
H24: START: 2003 01
H25: Monthly
102.2
82.8
88.2
92.9
106.5
92.3
95.4
87.8
102.5
101.6
100.5
98.9
117
114.4
124.1
131.1
143.2
137.5
157.3
136.3
157.8
163
166.3
138
144
133.4
142.1
163.9
185.1
160.9
159.2
180.9
158.6
172.9
163.6
133.7
157.2
145.2
140.5
186.1
196.5
220
218.1
194.1
210.6
211
218.2
212.4
229.2
182.7
256.5
229.7
235
257.6
251
270.5
274.4
283
276.8
260.2
365.7
359.5
429.4
459.4
419
571
588.3
566.1
599.2
516.9
394.1
139.9
97.6
286.5
353.8
233.5
191.3
334.2
291.3
292.2
340.5
299.3
295
285.9
482
439.3
548
466.5
613.6
489.9
523.9
684.2
548.7
606
600.2
616.5
486.5
752.2
895.8
695.1
748.1
764.8
859
637.1
805.5
846.7
699.7
686
565
719.8
602.5
699.2
778.3
797
691.9
736.1
618.8
568.2
827
672.3
767.1
837
962.4
686.1
983
1072.1
1016.2
1095.6
961.1
1170.8
1114.5
1096.8
1000.7
1259.7
1167.8
940.1
1347.5
1250.9
1014.1
1150.4
1132.3
1124.3
1080
1138.6
1120.5
1118.6
1453.8
1383.2
1475.1
1430.6
1402.5
1635.9
1551.7
1143.3
1372.3
1109.9
760.6
929.2
1294.3
1124.5
1423.3
1295.5
1049.1
1249.2
1444.4
1794.1
2116.2
3225.7
1676.3
1852.6
2735.3
2179.1
2175.5
1761.3
1678
1818.2
2107.2
2054.5
1736.7
1648.6
1708.3
1770.9
1741.9
1987
1845.1
2112.8
1876.6
1761
1782.3
1620.7
1723.1
1870.7
1553.1
1730.5
2053.5
1930.1
1924.8
2060.6
1668.3
1745.4
2193.5
1965.4
1966.5
1373.6
1619.4
1484.6
1655.5
702.6
1045.2
1683
1643.8
1683.3
1937.8
2158.2
1719.1
2129.5
1637.1
1834.3
1845.6
2074.6
1844.5
1887.5
1666.7
2021
1994.7
1646.5
1799.1
2129.5
2279.3
1810
2923.9
2920.6
3479
3215.1
3247.4
2799.1
2759.1
2811.2
2769.6
2932.4
3819.8
4182.2
4837.9
4731.3
4446.2
5050.3
4852.4
5027.1
4799.1
5132.8
5235.4
5040.3
4266.9
5124.4
5210.3
5537.6
5704.5
5977.2
5603
5620.5
5789.5
5368.9
4810.4
4491.9
3135.2
3890.6
4675.3
5373.3
6006.1
5132.5
5952.6
6075
6514.2
6805.7
5796.1
6112.8
5226.3
H01: P2041
H02: Mining: Production and sales
H03: MVK23021
H04: Mineral sales according to mining divisions, mineral groups and minerals
H05: Copper
H06:  
H16: Actual value
H17: R million
H18:  
H23: RELEASE: 2026 01
H24: START: 2003 01
H25: Monthly
153.8
172.2
134.5
119.9
104.9
137.6
134.6
127.5
112.5
162.2
146
135.6
135.4
160.8
164.9
172.6
209
197.1
153.1
156.9
193.8
167.8
151
163.6
173.5
158.6
210.4
174.4
198
196.1
267.6
237.3
228
243.1
260.5
235.5
190.7
235.6
283.5
284.3
369.8
643.1
501
532.2
471.4
506.9
593.9
343.7
452.4
386.8
383.1
420.5
610.6
497.3
521.5
565.3
565.4
557.2
481.3
412.2
315.7
498.6
551.8
615.1
525.6
537.6
688.9
455.1
360.6
373.8
467.5
237.6
255.7
250.3
326
254
316
363.2
372.9
242.9
277.4
425.1
303.1
472
286.2
210.2
336.9
466.9
367.2
343.5
364.5
337.5
459.5
408.8
220.2
568
335.8
457
589.9
340.5
481.7
578.8
425.9
418.6
459.6
519.6
428.9
396.5
363
517.6
586.8
476.8
393.5
513.5
461.4
349.1
263.3
332.6
475.5
421.9
390.2
517.4
482
435
480.8
584.7
412
508.5
577.7
530
562.6
336.6
479.1
734.4
582.3
450.6
505.4
493
320.4
533.8
538
458.7
474.1
380.9
353.3
373.9
585.3
348.4
499.5
605.5
294
287.9
482.2
431.3
426.1
513.6
350.8
275.3
374.5
299.4
322.8
288.6
223
313.8
308.9
372.2
426.8
188.7
187.1
245.7
272.8
347.2
292.1
322.6
292.7
501.2
526.4
503.7
381.5
454.3
260.8
390
382
303.5
312.1
442.9
205.1
233.2
486.9
376.6
340.3
344.4
315.1
303.6
251.5
232.4
298.5
401.1
155.7
223.6
272.9
225.4
286
263.5
344.6
233.9
471.3
18.4
118.7
189.7
283.4
421
199.1
411.7
361.2
494.4
379.9
206.4
562.3
538.2
525
446
492
440.1
489.3
377.3
471.1
391.7
441
349.1
290.5
221.8
610.8
402.3
156.1
564.1
498.6
426.8
453.6
645.9
552.3
216.2
486.6
481.4
629
496
508.8
614
657
489.6
674.6
481.6
541.9
544.6
375.7
513.2
531
830.3
457.4
559.9
900.1
580.1
681
547.9
412.8
539.1
566.5
706.9
572.5
566.7
547.7
626.8
801.3
796
759.6
833.1
454.4
H01: P2041
H02: Mining: Production and sales
H03: MVK23022
H04: Mineral sales according to mining divisions, mineral groups and minerals
H05: Manganese ore
H06:  
H16: Actual value
H17: R million
H18:  
H23: RELEASE: 2026 01
H24: START: 2003 01
H25: Monthly
174.3
81.2
125
134.7
107.9
141.1
68.5
189.9
78.7
116.6
154.5
95.1
133
107.4
125.7
147.7
139.2
116.9
132.5
168.7
193.8
162
163.9
146.2
174.2
205.6
127.6
204.2
252.3
253.9
147.8
147.3
226.3
55.6
220.7
185.3
206.8
150.3
235.1
205.1
121.5
221.7
199.2
133.5
186.2
256.4
122.6
207.5
184.2
212.8
240.2
234.5
259.9
284.6
191.4
349
391.9
186.4
404.5
632
480.6
930.7
831.3
2033.8
1534.6
2246.8
1403.9
2695
2268.7
1072.7
918.6
926.9
1200.2
82.8
344.2
489.1
146.4
407.2
334.7
271.7
376.3
566.1
492.9
875
616.9
545.1
771.5
1129.2
934.3
948.9
735.6
979.3
716.6
1147.5
1164.9
970.7
757.1
905.2
657.9
873.8
775.8
779.3
527.5
946
1016
856.8
597.1
1202.7
533.8
812.5
722.7
780.8
906.2
924.9
835.8
1310.2
931.7
741.1
1006.2
1314.7
1059.6
719.2
955.5
1172.3
1455.4
1178.1
1539.7
1626
1095.3
802
1412.3
1460.8
1482.5
1244.2
1503.8
1460
1326.5
1215.5
1086.8
1397.1
1343.6
1258.6
1436.3
1624
1711
1431.3
1092.2
1126.7
1052.4
1040.8
1179.5
959.2
1198.9
1142.2
636.4
947.6
683.9
909.8
904.3
1452
1921.2
1987
1274.8
1041.4
1136.9
1603.4
2884.1
3958.5
2565.8
2288.5
2164.8
1673.6
2107
3933.1
2777.6
2378
3139.3
2974.8
3156.3
3181.5
2738.1
2738.5
3688
3623.9
4102.8
4593.5
3544.6
3522.7
3910.6
3094.9
4294.1
4961.7
2902
3850
4539.4
4086.5
3927.4
4714.9
3178.7
3250.1
5278
4173
2696.7
2434.5
2268.8
2397
3064.3
1071.8
2337.6
4611.4
3622.1
3102.2
4603.5
3852
3493.6
2914.1
2124
3314.6
3362.4
2828.5
3216.8
2436.1
3106
3284.2
3360
3553.3
2737.7
3637.5
3999.5
3599.4
3375.5
3835.6
4901.4
4544.2
4461.3
4589.9
4464.8
2994.5
3671.4
3838.6
3342.7
4070.7
4875.9
3458.9
4887.9
4415.7
3341.4
3725.5
3567.2
3732.7
3099.1
4274.1
2846.6
3054.4
3863.9
3340.9
4083.2
6300.6
5715.9
5688.9
5228.9
3113.1
2906.8
3900.9
3207.1
3724.9
4358.7
5667.8
4022.1
4272.9
3953
4243.2
4020.2
3594.6
3577.6
4496.8
3566.5
H01: P2041
H02: Mining: Production and sales
H03: MVK23023
H04: Mineral sales according to mining divisions, mineral groups and minerals
H05: PGMs
H06:  
H16: Actual value
H17: R million
H18:  
H23: RELEASE: 2026 01
H24: START: 2003 01
H25: Monthly
2882.2
2629.3
2180.3
2189.8
1766.6
2191.2
2635.9
2390.9
2798.6
2495.6
2450.7
2212.8
2890.3
2274.7
3081
2490.3
2702.6
2952.7
3108.7
2672
3241.4
2463.7
2436.1
2999.8
2266
2571.1
2562.8
2557.2
3172.4
3421.3
3622.4
3523.1
3971.1
3214.8
3186.7
4379.9
3880.2
3841.8
4364.9
4201.2
4379.2
6026.8
6777.6
5977.3
7465.6
5754.7
6655.3
6119.2
5337
5934.7
6148.2
6320
6886.1
7016.3
5780.9
6588.8
6933
6155.3
7034.6
8279.5
6205.8
6846.7
9211.9
7909.5
9295.1
10346.5
8918.9
8672.8
8046.6
6753
5215.8
3929.8
3562
4018.5
5195.8
5392.9
4081
5117.1
4407.2
4772
6292
3858.8
5478.9
5605.9
5377.6
4720.3
5957.1
4962
6578.4
5985.1
6197.9
7507.5
7833.8
5355.8
6888.6
6422.8
6606.2
7087.3
7259.3
5807
7000
8829.9
5594
6974.5
7957.7
5981.4
6741.6
8014.3
5158.9
5283.2
5548
3638.9
5134.1
6396.7
5850.2
6821.7
6574.4
5657.5
5934.7
7205.9
5399
6658.6
7497.2
5617.1
5480.6
7845.5
6794.9
8988.4
8407.3
7190.1
7380.4
6975.5
7308.1
7319
5511.6
5688.7
5186.9
5101.7
6059.6
6186.4
7379.4
6667.1
6959.7
8133.3
5179.7
5968.1
8216.3
8947.7
8839
8797.1
8042.3
7865.8
8677.4
7361.5
8130.9
8112.2
5821.1
6391.1
6809.3
6184.5
10618.6
11922.7
6909.8
8197.8
10032.7
7735.6
8013.8
7775.4
7099.3
6119.9
8196.9
8609.4
7578.2
7902.6
6824.8
9271.3
8822
7758.9
9914.6
8938
5999.8
5238.2
7902.2
7019.5
8603.5
10449.9
6922.9
9390.4
10546.2
10768.5
10713.1
11342.8
8723.2
7126.3
9582.2
10434.6
11860.8
11481.9
9585.8
11820.5
12891.6
13737.7
14625.8
14155.7
16162
11860
17598.8
6819.9
10701.3
10968.1
11790.6
19263.4
23303.3
24205.9
20124.8
17633.4
22278.2
20160.3
31952.8
38641.9
37633.9
33939.8
32062.3
29883.6
24855
24378.9
27047.8
23691
18908.5
21185.5
30127.5
29291.1
27742.2
23503.3
22646.8
22426.8
19156.5
23077.8
20633.1
20697.7
16062.1
16067
19217.1
17084.8
22174.7
16230.3
11726.9
13567.5
17099.7
15668.2
15988.7
15199.3
11993.7
11328.2
13571.5
15837.1
17086.3
14868.2
13633.6
12833.4
14378
15589.1
16670.5
15282.5
11690.2
9946.6
11688.6
12657.5
14424.5
18357.3
17022.8
18492.3
22113.2
23484
23727.3
23132.5
25997.8
H01: P2041
H02: Mining: Production and sales
H03: MVK23029
H04: Mineral sales according to mining divisions, mineral groups and minerals
H05: Nickel
H06:  
H16: Actual value
H17: R million
H18:  
H23: RELEASE: 2026 01
H24: START: 2003 01
H25: Monthly
217.7
204.7
171.9
210.9
169.4
174.6
276.9
273.2
195.1
281.4
279.6
273.8
304.3
373.6
258
357.3
286.3
283.5
314.5
315.3
289.8
266.9
252.9
368.7
353.8
282.7
326.7
378.9
368.4
400
446.4
294.9
460.4
207.4
198.5
205
273.9
445.2
348.8
380.9
497.1
665.3
506.6
631.7
878
872.9
834.1
810.8
706.7
863.5
861.2
892.8
1046.2
859
635.6
467.1
398.5
707.9
689.1
736.1
467.4
549.7
472.7
687.9
676.1
525.9
430.3
397.6
447.4
259.2
227.9
113.7
226.2
211.4
250.2
244.5
451.1
546
391.9
514.2
364.1
282.6
312
407
426.8
517.6
500
543.8
474.1
683
354.4
481.8
564
533.9
311.2
594.3
545.7
558.2
815.5
554.9
440.3
612.9
342.1
476.6
367.1
549.6
585.7
553.6
511.1
535.8
441.5
364.6
693.5
707.5
435.1
536.9
558.2
593.2
618.4
436.5
515.2
539.5
331
411.1
555
1001.3
570.9
575.2
489.5
519.6
852.9
586.7
697.3
824.8
703.6
604.8
805.8
749.3
953.3
954.5
704.2
660.6
524
953.2
648.9
669.1
638.8
856.5
744.4
903.9
458.7
503
674.1
894.9
577.3
741.8
675.4
591.9
670.7
540.3
622.6
447.8
454.7
655.3
572.6
532.5
634.1
702.3
433.6
309.9
659.3
514.6
604.1
553.3
357.8
541.1
457.9
684.2
505.5
646.3
595.1
376.4
642.1
347.9
670.7
621.6
571.9
624.8
558
525.9
543.8
634.6
482.7
577.1
473
562.4
622.7
521
486.4
672.6
604.6
752.6
860.5
608.3
1006
713.9
543.8
15.8
284.2
361.2
622.6
567.8
751.8
642.5
798.1
1099.8
626.5
1193.1
727.1
514.5
800.1
813.9
122.6
780.7
701.7
857.9
1044.5
980.4
869.5
587.7
1475.7
931.9
1478.6
1393.8
811.2
1020.5
1404.1
517.8
1332.3
1022
831.4
804.9
789.2
913.5
1004.7
971.7
862.2
834.7
1020.6
861.8
894.6
1345
586.9
786.6
494
907.8
658.7
1234.3
667.2
869.1
753.9
909.2
935.1
983.4
389
474.9
726.2
632.5
1121.4
785
564.1
784.9
727.4
916.3
884.8
909.8
614.2
H01: P2041
H02: Mining: Production and sales
H03: MVK23999
H04: Mineral sales according to mining divisions, mineral groups and minerals
H05: Other metallic minerals
H06:  
H16: Actual value
H17: R million
H18:  
H23: RELEASE: 2026 01
H24: START: 2003 01
H25: Monthly
215.3
209.4
216.3
283.6
250.4
296.6
250.4
282
158
280.2
247
257.5
120.2
270.2
189.3
237.9
306.7
210.4
277.8
166.3
197.2
335.8
350.2
206.3
243.3
185.8
262.7
303.8
361.1
351.1
490.6
195
317.6
451.7
414
433.2
206.5
510.5
251
453.2
366.2
447.6
485.1
341.3
580.4
611.6
487.1
458.6
496.2
390.4
405.2
381.1
505.2
514.5
421.3
389.9
450.5
379.8
502.1
435.9
454.5
489.9
539.1
434.1
354.9
577.1
407.7
538.5
436.2
485.9
597.6
560
308.1
259.4
311.6
230.1
178.3
388
592.5
310.3
536.9
389
314.3
676.2
438.6
500.9
629.6
848.2
416.4
811.8
462.5
556.8
883.2
602.6
530.8
852.8
568.9
636.2
712.6
433.7
1065.3
1166.5
948.4
761.8
1151.6
1182.5
1708.6
798
818.6
851.1
955.6
754.8
1022.3
1086.9
1055.8
763.3
850.5
821.3
462
1393.4
846.8
492.8
1204.2
1015.6
864.1
1364
927.7
923.9
1045.7
603.4
809.4
944
738
827.4
1228.9
593.2
763.2
1036.4
909.5
966.1
1215.6
783.1
1021.1
902.1
576.5
734.9
1151
794
748.4
1079.7
804.7
1180.9
864.1
505.8
870.2
1013.4
451.9
564
842.2
633.8
669.5
891
511.5
818.8
810.7
940.8
943.1
1097.7
700.8
691.7
677.6
1159.6
605.7
1116.3
1064.9
481
1199.2
854.4
989.8
1268.5
510.2
942
1429
810.3
961.9
1119.4
884.8
994.6
1437.9
1295.2
978
1443.6
1112.7
1520.7
2031.4
980.1
1116.6
1910.4
904.1
1671.7
2019
1042.3
1493
1557.4
864.6
1334.9
1207.6
1289.9
1478.8
1591.5
1299.3
1606
1707.1
1720.2
1596.5
1485.2
1571.3
1232.1
2152.8
1359.6
1588.7
1794.1
1427.2
1222.9
1219.9
1516.8
1597.5
1582.4
1710.8
1378.2
2362.6
1522.6
2309.3
2428.8
2854.3
2289.4
3229.1
1766.4
2153.2
1923.2
2700.6
1544.9
2535
2032.5
2272.1
2228.2
1877.3
1984.1
1922.7
1654.6
2299.9
1584.9
1909.6
1609.6
2168.1
2346.1
2039.9
1993.9
1472.3
2011.6
2045.2
2073.6
1917.6
2246.7
1864.8
1571.7
2196.5
1698.9
1960.2
2102.5
1663.4
1974.9
1906.1
1976.8
1824.6
2338
1791.8
H01: P2041
H02: Mining: Production and sales
H03: MVK24000
H04: Mineral sales according to mining divisions, mineral groups and minerals
H05: Gold
H06:  
H16: Actual value
H17: R million
H18:  
H23: RELEASE: 2026 01
H24: START: 2003 01
H25: Monthly
3124.7
2783.9
2688.5
2478.8
2626.8
2986.4
2790.6
2559.4
2915.8
2643.9
2380.9
3073.3
2339.9
2536.3
2685.6
2422.8
2344.1
2748.6
2145.3
2294.7
2579.1
2377.3
2409.3
2446.9
1777.8
1569.9
2636.8
2070.8
1866.9
2798.1
1919.4
1477.1
2134
1888.9
2017.1
2444.4
2439.1
2211.2
2776.7
2192.3
2601.8
3592.5
3500.8
3186.8
4253.2
3384.8
3136.4
3128.9
2958.5
3430.5
3599.7
2852
3691
3287.4
3294.6
3243.2
3088
3362.1
3485.6
2744.1
2915.4
3395.7
4090.7
3661.4
3739.7
3981.2
4133.8
3097.7
3846.6
4476.2
4099.1
4554.6
2476.5
4665.6
4844
3897.3
3866.1
3980.5
4028.5
3877.1
4060.2
4311.2
4453.5
4235
2697.2
3821.7
3745.3
4101.5
4495.6
5003.4
4819.7
4873.1
5171
4654
4941.4
4769.3
3909.6
4426.5
5201.4
4650.3
4734.2
5355.4
5380.2
5484
7782.7
6894.4
8051.8
7020.9
5283.3
6739.4
6268.5
5643.6
7310.1
7653.3
6818.2
7356.4
6627.5
5034.6
6196.7
5892.8
5926.1
6123.4
6472.9
6179
5510.6
5804.4
6009
5759
5551.8
6180.3
5302.8
5167.4
4418.1
5362.6
5580.1
5492.6
4897.5
5299.2
5829.1
5283.3
5422
5848.6
4612.4
5303.6
3613.4
4295.1
5720
4907.4
4922.3
5937.4
4755.7
4980.5
4966.6
6854.9
5476.5
6270.2
2536.3
5218.6
8004.7
10923.8
5563.5
9120.9
9142.2
8433.7
15906
4861.6
3598.5
5114.9
9240
4277.4
5361.8
5633
6201.8
7156.3
7263.3
6885.4
8597.9
8789.6
5674.8
7106.2
6496.8
4469.7
4808.6
5947.8
6871.2
6238
6643
6256.6
3958.7
6975
4887.3
6130.9
6992.7
3400.9
4959.8
5426.3
4546.3
5857.3
7890.7
7437.4
7716.7
7549.4
8014.4
6840.7
7623.4
6254.4
6042.2
4929.2
7208.6
3222.2
8898
7999.9
6448.3
12459.8
6873.1
8476.8
13021.7
6290.2
9744.6
6947.1
3465.2
11917.2
8339.3
12198
5288.3
7733.5
10977.5
6286.8
6720.8
3457.5
8639.5
6208.3
9184.7
5428.5
8173.8
9700.6
11761.5
9643.2
4949.7
5702.3
8619
4776.3
6834.6
3372.4
15778.6
10031.8
9420.8
11653
7633.6
15140.1
8160.3
12983.7
18388.3
5969.2
8858.7
11010.3
4865.3
19847.9
20492.5
2268.3
10862.7
15764.4
15780.1
8524.4
14504.7
4018.4
10089.5
17349.7
21343.1
9184.1
18707.9
12962.4
17424.2
16488.1
11382.5
31539.2
19717.9
H01: P2041
H02: Mining: Production and sales
H03: MVK28010
H04: Mineral sales according to mining divisions, mineral groups and minerals
H05: Building materials
H06: Granite or norite
H16: Actual value
H17: R million
H18:  
H23: RELEASE: 2026 01
H24: START: 2003 01
H25: Monthly
71.5
50.5
59.3
41.4
55.9
81.7
53.2
52.9
126.3
55.4
88.1
30.3
32.4
25.5
43.8
34.5
41.9
50.4
49.7
43.8
47.5
35.8
48.3
40.2
47
34.2
38.2
33.5
25.1
50.8
37.6
35.2
25.5
23.9
36.7
22.4
14.4
27.5
30.9
25
28.2
32.7
40.1
41.5
53.6
34.5
34.5
32.8
21.9
40.1
36.4
32.6
54.5
37.1
48.8
53.1
45.5
34.2
47.1
43.5
44.6
53.6
47.7
61.6
54.5
59.5
65.4
64.2
51.8
64
65.8
68
20.7
41.3
41.6
30.9
43.8
39.5
58.6
40.2
57.9
36.6
23.1
32.3
21.7
28.5
40.4
27
27.3
25.7
26.8
36.7
36.4
27.5
25.8
16.2
11.2
22.6
32.2
24.4
30.1
35.2
36.1
39.9
43.3
47.4
24.7
32.3
17.3
25.4
35.9
26.2
62.9
39.5
40
37.1
31.8
24.1
36.6
33.2
22.2
47.4
27.6
31.6
52.7
27.7
29.1
28.4
40.9
57.9
53.9
45.2
26.5
28.7
30.3
33.4
61.5
34.8
60.8
55.1
53.2
53
43.5
36.6
31.5
42.8
59.9
46.7
67.2
36.4
53.3
52.1
54.3
61.2
72.8
32.7
23
47.7
48.7
42.1
76.7
59.1
62.8
59.9
62
56.7
61.6
26.9
21.1
28.7
58.3
42.2
59.5
73.3
54.3
53.7
52.6
57.3
63.8
28
24.3
41.9
53.7
43.6
42.3
41.9
58.8
53.5
43.4
72.3
59.4
72
39.8
47.2
49.3
40.6
57.9
51.9
58.9
68.6
52.6
60.4
53.4
20.4
34.4
56.1
55.3
9.5
53.1
43.8
59
71.9
59.8
61.1
63.8
45.9
54.5
42.5
66.5
50.1
80.2
50.4
63.4
64.4
95.5
63.1
75.1
46.4
37.2
97.7
74.9
50.8
75.7
66
64.9
69.2
71
74
59.7
49.2
30.6
56.5
81.6
68.8
78.5
66.2
53.6
56.6
46.7
41.4
51
29.7
35.3
30.3
38
46.9
53.5
35.5
49.7
37.3
40.2
49.2
33.3
37.2
18.1
35.2
37.8
30.9
38.3
47.6
46.7
62.3
37.2
39.2
42.2
30.1
31.6
H01: P2041
H02: Mining: Production and sales
H03: MVK28011
H04: Mineral sales according to mining divisions, mineral groups and minerals
H05: Building materials
H06: Lime and limestone
H16: Actual value
H17: R million
H18:  
H23: RELEASE: 2026 01
H24: START: 2003 01
H25: Monthly
99.6
96.2
98.3
100.2
102.4
98.5
105.5
101.2
105.8
106.8
101.8
91.6
99.9
88.8
102.4
104.4
106.1
103.9
111.1
104.6
108.2
110.1
107.4
87.3
109.5
81.3
110.8
108.8
115.1
114.9
103.5
116.7
112
111.7
120.1
109
122
109.6
119.4
111.8
123.4
126
132.8
139
129.7
136.7
142.3
117.5
131.5
123.8
143.9
134
144.5
137.6
143.2
147.7
141.8
163.1
161
135.8
150.4
144.4
152.4
158.3
156.1
152.3
169.3
172.2
179.6
194.4
164.8
112.7
164.7
146.5
164.9
161.9
175.8
172.6
176.3
182.5
188.4
200.9
201.6
174.4
172.5
175.3
211.3
191.9
196.2
196.7
206.8
157.3
154.8
211.8
218.2
191.6
170.2
189
226
204.5
223.6
220.6
210
211.4
225.8
226.5
301
197.5
201.3
177.2
207.5
206.3
220.4
228.5
213.5
230.6
222.7
222.5
230.7
169.6
205.5
199.5
210.3
166.1
267.1
268.5
279.8
303.8
247.6
250.4
236.3
190
218.8
215.7
221
246.6
246.1
216.3
238.2
224
243.6
260.2
241.5
230.6
230.1
248.7
250.3
242.4
249.1
246.2
240.9
240
257.8
233.8
236.9
224.4
212
223.9
253.8
258
267.5
260.6
247.1
261
253.9
263.8
277.9
240.5
227.2
228
267.7
265.6
301.6
279.9
283.3
294
302.6
303.8
271.7
240.7
249.3
248.3
274.4
271.2
294.6
317.3
304.9
322.8
279.9
370.1
336.1
255.1
305.7
263
324.7
299.6
316.1
302.7
314.5
316.3
311.9
331.6
305.8
257.4
274.1
284.6
302.9
108.3
233.8
280.3
311.9
337.3
350.7
372.4
325.4
333.9
274.9
279
351.3
342.4
373
376.9
389.7
361
379.6
363
352.4
321.2
301
298.9
321.7
309.7
335.4
342.1
366.3
404.8
419.3
398.1
345.7
303
310.3
280.2
374.2
375
414.2
400.3
359.2
394.9
373.2
368.3
341.6
312.8
326.2
342.3
370.7
352.2
387.4
381.5
388.8
400.4
391.3
399.8
376.7
328.7
316.7
299.6
350.5
355.7
387.7
385.9
427.2
385.4
423.8
407.6
375.2
333.9
335
H01: P2041
H02: Mining: Production and sales
H03: MVK28888
H04: Mineral sales according to mining divisions, mineral groups and minerals
H05: Building materials
H06:  
H16: Actual value
H17: R million
H18:  
H23: RELEASE: 2026 01
H24: START: 2003 01
H25: Monthly
265.9
260.5
281
259.3
287.5
301.7
300.4
293.3
371.7
335.5
351.3
237.4
254.8
281.1
340.5
309.4
345.3
349
355.4
359.9
365.9
337.2
360.6
256.1
309.3
304.3
341.5
349.9
369.8
393.2
370.1
419.1
380.6
384.6
413.2
283.4
311.3
368.2
418.2
370.9
436.8
439.1
447.7
470.8
481.6
486.9
480.1
354.1
382.8
465.1
513.4
456.1
548.9
497.2
534.8
564
513.7
548.9
572.6
389.1
482.2
566.5
534.4
597.9
585.8
572.8
630.2
597.9
598.4
678.5
616.9
446.6
461.4
533.2
573.6
525.2
597.5
563.1
621.7
615.8
667.9
637.9
620.1
468.4
481.3
572.2
681.6
583.8
597.7
588.2
623.1
578.6
549.2
620.2
625.1
437.3
421.4
586.1
663.9
574.8
626.5
664.4
624.2
732.6
734.6
700.5
817.2
503.5
523
631.2
736.4
643.2
726.5
686.8
727.9
705.5
671.7
691.6
777.8
534
579.3
732.1
681.2
680.2
862.7
813.8
853.9
886.3
763.7
914.3
836.3
551.8
662.8
814.4
742.9
800.3
878.8
819.4
918.5
856.7
904
978.7
861.3
652.5
697.2
870.4
953.7
856.6
951.2
891
945.1
894.9
941.9
966
981.9
624.7
668.1
862.8
884.7
962.7
1009.9
991.7
982.2
996.2
1027.1
1008.6
1074.5
716.2
710
842.1
1020.6
866.1
1098.2
1055
1038.7
1062.9
1059.4
1072.2
1103.4
701.7
722.6
938.9
968.9
898.7
1001.2
997.7
1019.9
1035.5
928.2
1194.6
1107.9
831.6
860.8
934.4
1064.3
940
1041.1
1053.3
1080.7
1053.3
1037.9
1100.5
1042.2
740.6
759.6
867.3
903.6
270.8
632.1
868.2
1016.7
1056
1048.6
1087.4
1257.1
1076.6
798.3
895
1079.1
935.9
1099.6
1063.3
1078.4
1071.2
1150
1082.4
1109.2
883.5
811.6
1032.7
1084.5
895.7
1064.8
1164
1115.4
1179.4
1176.8
1178.5
1139.2
809
859
942.8
1258.7
1089.5
1209
1133.5
1104.7
1227
1091.2
1200.9
1195
866.4
884.8
1147.8
1117.9
1120.9
1245.3
1132.7
1254.9
1279.1
1202.5
1302.2
1247.1
818.9
863
971.3
1104.7
1003.7
1224.1
1199
1341.8
1293.2
1288.5
1350.2
1234.2
903.1
983
H01: P2041
H02: Mining: Production and sales
H03: MVK28889
H04: Mineral sales according to mining divisions, mineral groups and minerals
H05: Building materials
H06: Other building materials
H16: Actual value
H17: R million
H18:  
H23: RELEASE: 2026 01
H24: START: 2003 01
H25: Monthly
94.8
113.7
123.5
117.7
129.2
121.5
141.8
139.2
139.6
173.3
161.4
115.5
122.5
166.9
194.4
170.5
197.3
194.6
194.6
211.5
210.1
191.2
204.9
128.6
152.8
188.8
192.5
207.5
229.6
227.5
229
267.1
243.2
249.1
256.4
151.9
174.9
231.1
267.9
234.1
285.2
280.4
274.8
290.3
298.3
315.7
303.3
203.8
229.4
301.2
333.1
289.6
349.9
322.5
342.8
363.2
326.3
351.7
364.5
209.8
287.2
368.5
334.2
378
375.1
360.9
395.4
361.4
367
420.1
386.3
265.9
276.1
345.3
367.1
332.4
377.9
351.1
386.9
393.2
421.6
400.4
395.5
261.7
287.2
368.4
430
364.9
374.1
365.7
389.5
384.6
358
381
381.1
229.4
240
374.5
405.7
345.9
372.8
408.6
378.2
481.3
465.5
426.6
491.6
273.8
304.4
428.6
493
410.7
443.2
418.7
474.4
437.7
417.2
445
510.5
331.2
351.5
485.2
443.4
482.5
542.9
517.6
544.9
554.1
475.1
606
546.1
316.6
417.5
570
491.6
520.3
571.1
568.3
619.6
577.5
607.2
665.5
576.4
385.3
435.6
578.9
643.5
567.5
634.9
608.5
650.9
602.8
629.8
671
672.2
367.6
433.1
591.1
582.2
662.6
665.7
672
672.2
675.4
711.2
688.1
734.9
448.8
461.7
585.5
694.6
558.4
737.1
701.8
701
715.2
704.2
711.1
767.9
433
448.9
648.6
640.8
583.9
664.3
638.6
656.2
659.1
604.9
752.2
712.4
504.6
515.2
624.2
690.4
599.8
667.1
698.7
707.3
668.4
673.4
708.5
683
462.8
451.1
526.6
545.4
153
345.1
544
645.8
646.8
638.1
653.9
868
696.7
468.8
573.4
661.3
543.3
646.5
636
625.3
645.8
674.9
656.3
681.7
515.9
473.5
636.1
687.8
535.2
653.7
755.9
684.3
705.5
686.6
706.5
733.8
456.8
518.1
606
802.9
645.7
716.4
667
691.8
775.6
671.3
791.1
802.4
523.9
523.4
775.2
709.1
721.8
804.4
715.8
816.4
841.4
771
853.1
837.1
453
528.1
636.5
716.4
617.1
798.1
765.5
867.9
845.5
827.5
903.4
816.9
539.1
616.4
H01: P2041
H02: Mining: Production and sales
H03: MVK28999
H04: Mineral sales according to mining divisions, mineral groups and minerals
H05: Other non-metallic minerals
H06:  
H16: Actual value
H17: R million
H18:  
H23: RELEASE: 2026 01
H24: START: 2003 01
H25: Monthly
370.6
1201.3
1357.1
962.8
1032.8
957.3
1072.5
820.6
671.2
978.5
1024.2
793.8
1010.3
1045.5
845.7
895.4
1198.7
970.7
1559.9
636.5
1645.5
1394
1621.4
1043.3
1209.4
1036.5
1752.7
1379
1731
1697.5
1176.3
1272.1
1887
1530.8
1478
1554.6
690.6
1237.7
1783.8
1348.2
1596.6
1526.4
762.4
1709.7
1662.7
1723.1
1466.1
1544.8
818.5
1287.8
1502.5
1178.8
1761.5
1274.9
1092
955.4
1960.4
1546.9
1842.1
1916.6
827
1254.3
2507.2
1690.7
2192.9
2395
2405.7
1312.3
1773.1
2782.8
1960.4
713.2
867.8
896.1
1662.4
1482.3
1809.7
1176.9
1032.4
1102.9
975.7
993.7
923.8
1098.4
793.7
1926.9
1320.9
990.5
1889.4
1426.7
920.8
1261.2
1253.7
2028.5
960.9
1934.9
901.6
1645.5
1749.4
1682.6
1199.8
2014.4
878.1
1795.4
1613.8
1561.8
1809.6
1338
1718.3
1656.3
1859.5
1095.6
1987.8
1597.5
892.7
1233
1793.5
1737.3
1727.1
2253.1
923.2
1715
2004.4
2034.7
1769.1
2041.1
727.7
1256.1
2122.1
1555.6
1374
2228.5
1737.3
3210.6
3003.7
1405.3
2089.5
2027.5
1293.7
1823.7
2839.9
2644.2
1937.2
1128.1
1282.9
2707.7
2633
1316.1
2342.2
2398.3
1082
1700.5
2059.7
2384.3
1049.8
2143.1
1856.7
3256.5
2973.5
1807.6
2031.7
3562.6
945.9
1513.2
3287.4
2967.5
1677.2
2564.4
1024.4
2366.3
2582.9
946.8
2166.6
3945.5
983.8
1974.1
2872.1
2366.5
2228.4
2511.2
1172.4
2200.5
2286.1
1674.4
1574
3083.9
1220.3
2184.3
3006.1
2463.6
1725.5
2439.2
1085.7
2217.2
2519
1063.4
1952.1
2246.9
1037.6
1492.6
2105.1
2029.5
1588.9
1728.6
1484.9
1851.5
1563.9
715.2
1100.5
1797.1
1518.8
1993.2
2638.3
2462.9
2798.2
1673
1562
1559
3010.8
1972.7
2151
2675.5
1733.7
2482.2
2055.8
2753.9
3148.6
3054.5
1687.3
2903.7
2611.7
3454.6
2577.9
4369.6
2676.3
3935.4
2719
2526.6
3548.3
2688.3
1775.5
1957.3
3980.2
1559.2
3282.7
2226.7
2004.6
3799.8
2069.3
2118.9
2213.9
2149.2
2250.6
2579.2
2291.5
2153.1
2608.2
2231.4
1627
1992.4
2606.5
2521.1
1935.3
2378.5
1467.7
2500.6
1959.2
1285.3
2263
2589.8
2069.5
1718.1
1909.4
2362.4
1624.8
1757
1518.5
H01: P2041
H02: Mining: Production and sales
H03: MVS20000
H04: Mineral sales according to mining divisions, mineral groups and minerals
H05: Total, gold included
H06:  
H16: Seasonally adjusted value
H17: R million
H18:  
H23: RELEASE: 2026 01
H24: START: 2003 01
H25: Monthly
10915
10764.3
9802.2
9814.7
9053
9007.4
9971.2
9791.3
9021.4
10026.4
9591.5
10058.3
10914.1
10058.4
10347
10342.3
10299.3
10017.8
10422.5
10002.1
10548.9
10527.3
10843
10755.6
10760.9
9890.4
11351
11637.5
12101.1
12264.6
11617.1
11853.9
12214
12201.9
12408.5
14203.7
13417.6
13399
13897.3
13648
13857.9
16309.8
17206.3
17463.3
18718.7
18284.9
18800.2
17733.5
18127
19056.4
18005.2
18102.3
19557.7
17488.1
17154.3
17902
17983.8
18968.2
20526.4
21688.1
20286.3
23101
24868.1
26234.1
26480.1
27685.7
26894.6
26940.6
25766.4
27420.9
23802.6
20175.5
20017.7
21221.2
21114
21222.3
18367
18975.7
19917.4
20015.1
19377.6
19992.6
19956.1
21340.2
22082.3
21744.3
22690
24088.6
25658.1
24250.3
25613.9
25661.2
26394
27568.3
26887.2
27109.8
28673.4
29372.1
30026.9
28134.7
28251.6
31859
28094.9
29970.9
33811.6
33286.4
35050.2
33128.1
31391.4
31103.3
29373.5
27634.8
32023.9
31828
31313.9
31078.2
28773.7
27959.6
29756.4
31927.6
32207.3
32248
33225.9
32879.6
31263.1
32625.9
33628.7
35223.2
32881
33870.1
34117.6
33108.5
36321.9
37903.5
33643.9
32580.6
31948.6
29245.1
32608.9
31868.8
33364.3
33020.5
32382.1
31909.2
30982.5
33186.8
33432.4
33639.3
33645.4
32796.3
32068.6
31092.7
31473.1
31537.1
30960.5
32413.3
28111
33176.6
33804.3
37347.6
37019.6
39458
35098.7
36654.2
44717.7
33911.1
36559.6
39507.8
42455.8
37560.2
38417.2
35991.6
36281.3
37194.4
39571.5
40449.1
41574.8
41420.4
41716.8
41415.6
38082.4
39620.2
38725.2
37902.1
41335
41360.2
39385
42133
40462.1
43261.6
46206.7
50025.1
44776.7
44049.5
44176.1
45069.4
45486.9
44840
45903.8
45576.2
47038.6
47569.2
50420
48854.5
55086.2
52692.3
49388
31079.8
38988.5
39403.8
50727.2
54515.3
59901.1
63505.8
58930
61236.9
67675.9
66948.7
74536.5
77716
72088.4
77861.4
76361.7
73432.8
61893.7
66609.6
74289.6
67896
62231.5
73294.1
79604.3
78886.6
84293.4
74536.6
77802.8
76632
75631.5
68097.1
63359.2
66874.4
66702.9
68780.3
68883.3
59026.9
73835.9
64581.4
57696.8
64415.1
61065.6
67736.7
70228
71444.3
70313.4
67383
59809.1
66705.7
59396
76606.2
71851.1
57407.8
66276.5
68120.7
75970
63608.8
64451.1
59546.4
62467.1
67381
71063.2
66013
73036.4
71045.2
77192
76933.1
75720.1
93165.4
84641.1
H01: P2041
H02: Mining: Production and sales
H03: MVS20001
H04: Mineral sales according to mining divisions, mineral groups and minerals
H05: Total, gold excluded
H06:  
H16: Seasonally adjusted value
H17: R million
H18:  
H23: RELEASE: 2026 01
H24: START: 2003 01
H25: Monthly
7558
8039.1
7167.7
7101.5
6395.8
6429.7
7066
7058
6375.7
7330.8
7090.5
7101.7
8430.1
7560.1
7725.4
7665.6
7934.4
7666.9
8132.3
7551.6
8205.7
8106.9
8314.7
8449.2
8855.3
8370.7
8814.8
9301.6
10224.9
9859.2
9581.3
10219.4
10297.4
10280.5
10316.8
11940.6
10589.9
11197.7
11277.1
11165.4
11276.8
13140.7
13691.5
14092.7
14906.4
14888.1
15684.2
14810.4
14428.5
15499.5
14595.1
14900.7
15949.1
14504.4
13960.2
14541.6
15275.4
15631.3
17197.7
19179.8
16333
19531
20943.8
22151.9
22869.5
24006.9
22969.7
23766.1
22443.4
23056.8
20013.1
15801.4
16442.7
16224.6
16362.3
17096.5
14584.2
15266.4
16013.1
16185.2
15802.6
15736.2
15822.4
17268.2
18129
17648.8
18899.8
19878.7
21197.1
19599.8
20868
20957.6
21806.9
23004.7
22380.3
22438.2
23314.4
24609.7
24686.3
23497.1
23498.9
26891.1
22767.9
24803.8
26741.6
26486.8
27350
26116.7
24763.3
23862.8
23104.2
22024.4
24565.2
24728.8
24518.1
24124.6
22622.1
23124.6
23659.5
25896
25126.4
25488.3
26738.7
26951.3
25563.2
27412.3
27664.3
29952.2
27673.4
28137.9
28553.5
27701.2
30988.1
31636.3
28103.2
27498.2
26769.4
24648.6
26847.4
26985.5
28220.9
27920.8
27167.9
26372.3
26748.6
27833.3
27694.8
29299.2
28443
27825.7
27505.2
26455.8
26724.9
25702.4
24694
25842.2
25317.7
26616.3
25836.2
26673
31170.1
31725.7
25983.6
28568.8
29724.4
30266.5
31938.9
33482.5
32695.5
31649.4
32644
30766.7
29879.6
31317.1
32677.2
33927.8
33585.6
34295.6
35009.8
32870.7
32116
33397.7
33339.1
32127.9
34089.7
36366.9
33328
36349.4
37123.3
37776.2
40379.2
41345.8
39369.5
38790.4
38430.9
39511.2
40420.8
40048
38773.8
38826.9
40580.5
41514.4
41434.3
39197.6
50212.1
43943
42687.1
25802.8
31374.1
36855.9
42701.7
47638
55167.9
52879.4
50660.5
49397.7
58158.6
57401.1
63625.2
69573.1
67094.4
67214.6
70063.6
63008.2
58324.1
61112.7
60627.1
58488.8
59810.4
66191.7
69311.8
71771.1
73848
69424.2
72460.3
68726.8
65764.9
60851.9
55399.9
59402.2
62377.1
59689.8
60071.8
55344.3
58291.7
54241.5
50904.8
54129.1
54541.4
55200.8
58197.5
57733.9
54798.3
56515.3
49135.5
55971.2
54649.8
56051.7
54805.3
55821.8
56111
54948.2
56102.3
55356.5
52632
51109.1
50050.8
50618
51456.7
55550.1
58698.6
58686.3
60332.3
63502.6
60414.8
62546.1
68117.9
